document_id,most_prevalent_topic_id,most_prevalent_topic_probability,text_excerpt,state,school type,grade,year,subject
0,9,0.9672613150405417,"Arbeiten, bereiten sich auf den Umgang mit vielschichtigen und vielgestaltigen Problemen und Themen vor und lernen, mit Phänomenen mehrperspektivisch umzugehen. Interdisziplinarität, Mehrperspektivität Die Schüler entwickeln die Fähigkeit zu Empathie und Perspektivwechsel und lernen, sich für die Rechte und Bedürfnisse anderer einzusetzen. Sie lernen unterschiedliche Positionen und Wertvorstellungen kennen und setzen sich mit ihnen auseinander, um sowohl eigene Positionen einzunehmen als auch",Sachsen,Gym,,2019.0,"Ethik, Philo"
1,1,0.9647434481004145,"sowohl eigene Positionen einzunehmen als auch anderen gegenüber Toleranz zu entwickeln. Sie entwickeln interkulturelle Kompetenz, um offen zu sein, sich mit anderen zu verständigen und angemessen zu handeln. Empathie und Perspektivwechsel Die Schüler entwickeln eigene Wertvorstellungen auf der Grundlage der freiheitlichen demokratischen Grundordnung, indem sie Werte im schulischen Alltag erleben, kritisch reflektieren und diskutieren. Dazu gehören insbesondere Erfahrungen der Toleranz, der",Sachsen,Gym,,2019.0,"Ethik, Philo"
2,11,0.9345223787546524,"menschlichen Daseins Liebe, Angst, Freude, Freiheit, Endlichkeit, Tod Erscheinungsformen und Deutungen geistige Fähigkeiten physische und psychische Voraussetzungen Erleben von Grenzsituationen Begriffsanalyse: Furcht, Angst Arbeit mit Bildern und Gedichten Empathie und Perspektivwechsel Sich positionieren zu zentralen Unterscheidungen Mensch und Tier Abgrenzung des Menschen vom Tier in natürlicher Gestalt, Beschaffenheit, Erkenntniskraft, Sprache und Denken biologische, evolutionäre Anthropologie und Hirnforschung Prometheusmythos Mensch als Mängelwesen",Sachsen,Gym,,2019.0,"Ethik, Philo"
3,11,0.4166666401668014,"Wahlbereich : Theodizee Kennen des Theodizee-Problems gütiger, allmächtiger und allwissender Gott das Böse und Gott, die Freiheit und das Böse die Welt als beste aller möglichen Welten Podiumsdiskussion Empathie und Perspektivwechsel",Sachsen,Gym,,2019.0,"Ethik, Philo"
4,5,0.7022153306344896,"anderer vergleichen und dabei Vormeinungen, Gewohnheiten und Prägungen beispielsweise personal, sozial, kulturell, religiös, ethnisch, medial berücksichtigen und aufzeigen eigene Bedürfnisse, Interessen und Gefühle und die anderer erkennen und beschreiben durch Perspektivenwechsel und wechselseitigen Austausch mögliche Empfindungen und Sichtweisen Beteiligter oder Betroffener erfassen und benennen Phänomene, Situationen oder Sachverhalte und die zugrundeliegenden Werte und Normen benennen und differenziert darstellen in Situationen, Ereignissen",BaWü,Gym,,2016.0,"Ethik, Philo"
5,12,0.5444536475143891,"Fremdheit umzugehen. Entwickeln von ethischem Reflexions- und Urteilsvermögen Die Schüler entwickeln die Fähigkeit weiter, ihre Sinne bewusst einzusetzen und reflektieren ihre Bezüge zur Umwelt. Sie sind zunehmend in der Lage, Perspektivenwechsel vorzunehmen, um andere Menschen besser zu verstehen. Lernbereich : Wahrnehmung und Wahrheit Ustd. Kennen eigener Sinneswahrnehmungen Sehen, Hören, Riechen, Schmecken, Tasten Sinnestäuschungen, Relativität des ersten Eindruckes Wahrnehmung als individuelle Sinneseindrücke,",Sachsen,Oberschule,,2019.0,"Ethik, Philo"
6,5,0.7022153306344896,"anderer vergleichen und dabei Vormeinungen, Gewohnheiten und Prägungen beispielsweise personal, sozial, kulturell, religiös, ethnisch, medial berücksichtigen und aufzeigen eigene Bedürfnisse, Interessen und Gefühle und die anderer erkennen und beschreiben durch Perspektivenwechsel und wechselseitigen Austausch mögliche Empfindungen und Sichtweisen Beteiligter oder Betroffener erfassen und benennen Phänomene, Situationen oder Sachverhalte und die zugrundeliegenden Werte und Normen benennen und darstellen in Situationen, Ereignissen oder",BaWü,,Sek1,2016.0,"Ethik, Philo"
7,9,0.9672613150405417,"Arbeiten, bereiten sich auf den Umgang mit vielschichtigen und vielgestaltigen Problemen und Themen vor und lernen, mit Phänomenen mehrperspektivisch umzugehen. Interdisziplinarität, Mehrperspektivität Die Schüler entwickeln die Fähigkeit zu Empathie und Perspektivwechsel und lernen, sich für die Rechte und Bedürfnisse anderer einzusetzen. Sie lernen unterschiedliche Positionen und Wertvorstellungen kennen und setzen sich mit ihnen auseinander, um sowohl eigene Positionen einzunehmen als auch",Sachsen,Gym,,2019.0,"Ethik, Philo"
8,1,0.9647434481004145,"sowohl eigene Positionen einzunehmen als auch anderen gegenüber Toleranz zu entwickeln. Sie entwickeln interkulturelle Kompetenz, um offen zu sein, sich mit anderen zu verständigen und angemessen zu handeln. Empathie und Perspektivwechsel Die Schüler entwickeln eigene Wertvorstellungen auf der Grundlage der freiheitlichen demokratischen Grundordnung, indem sie Werte im schulischen Alltag erleben, kritisch reflektieren und diskutieren. Dazu gehören insbesondere Erfahrungen der Toleranz, der",Sachsen,Gym,,2019.0,"Ethik, Philo"
9,11,0.5301018707645819,"Lebenssituationen Ängste, Unsicherheiten, Resignation Fallstudie Übertragen auf den Umgang mit Misserfolgen anderer Tipps und Strategien für erfolgreiches Lernen Zuhören, Mutmachen, Helfen, Trösten Ratgeberseiten in einer Schülerzeitung szenisches Darstellen Empathie und Perspektivwechsel Wahlbereich : Demokratie in der Schule Gestalten eines demokratischen Entscheidungsprozesses Rechte und Pflichten der Schüler Schülermitwirkung und Schülervertretungen Inhalte und Verfahren der Demokratie Expertengespräch: Einladen eines Schülersprechers Podiumsdiskussion GE, Kl.",Sachsen,Gym,,2019.0,"Ethik, Philo"
10,8,0.508332570932602,"Vorurteilen vom Vorurteil zum Urteil: das Fremde kennen lernen, Ängste überwinden und abbauen, den anderen verstehen lernen, das Neue in das Vertraute einbeziehen, Wissen Karikaturen, Comics und Geschichten Empathie und Perspektivwechsel Übertragen der Kenntnisse über Vorurteile auf das Beispiel der Judenverfolgung Der schwarze Tod, Ritualmordlegenden Vertreibung der Juden aus Europa Antijudaismus, Antisemitismus Massenmord an Juden: Shoa, Holocaust Rassismus Grundgesetz Artikel Richter:",Sachsen,Gym,,2019.0,"Ethik, Philo"
11,11,0.6083341697780956,"Kl. , LBW Werteorientierung Sich positionieren zum Umgang mit Menschen mit Wahrnehmungsstörungen Blindenschrift Gebärdensprache Fördermöglichkeiten Integration Fallbeispiele von Menschen mit Behinderungen in Kunst, Wissenschaft und Sport Expertengespräch Interview Empathie und Perspektivwechsel Wahlbereich : Glück Kennen verschiedener Glücksvorstellungen persönliches Glück soziales Glück materielles Glück Flüchtigkeit des Glücksempfindens eigener Anteil am Erreichen des Glücks Glück des anderen als eigenes Glück Philosophieren mit Märchen",Sachsen,Gym,,2019.0,"Ethik, Philo"
12,11,0.6482020822458261,"einer Nachricht Thomas Gordon: Du-Botschaften, Ich-Botschaften Watzlawick: Anleitung zum Unglücklichsein Pantomime Rollen- und Kommunikationsspiele Gestalten von Konfliktlösungen kreatives Schreiben Figurentheater RE/e, Kl. , LB RE/k, Kl. , LB Empathie und Perspektivwechsel Einblick gewinnen in den historischen Ursprung des Christentums Historische Situation der Juden zur Zeitenwende Jerusalem, Palästina Messiaserwartung Selbstverständnis des Christentums Verhältnis des Christentums zum Judentum GE, Kl. , LB Kennen",Sachsen,Gym,,2019.0,"Ethik, Philo"
13,11,0.8854150121971824,"Warum essen wir Fleisch, obwohl wir Tiere gern haben Zoos - sinnvolle Einrichtungen oder Tierquälerei Gedankenexperiment: Stell dir vor, es kämen Außerirdische und wollten uns als Nutztiere verwenden Empathie und Perspektivwechsel Bildung für nachhaltige Entwicklung Wahlbereich : Wege zur Identität Sich positionieren zum Verhalten Jugendlicher auf der Suche nach Identität den eigenen Stil finden: Jugendkulturen und -szenen Frisuren, Kleidung, Sprache, Tattoos,",Sachsen,Gym,,2019.0,"Ethik, Philo"
14,11,0.9345226902648038,Menschen in Armut und Reichtum Dimensionen der Globalisierung Armut und Reichtum als relative Begriffe Menschliche Armut im materiellen Überfluss Wege aus der Armut durch Bildung Möglichkeiten der Freizeitgestaltung Empathie und Perspektivwechsel Übertragen der Kenntnisse auf persönliche Einstellungen und Verhaltensweisen Übernahme von sozialer Verantwortung Notwendigkeit nachhaltigen Handelns Expertengespräch: Örtliche und internationale Hilfsorganisationen Verantwortungsbereitschaft Bildung für nachhaltige Entwicklung Wahlbereich : Ernährung und Persönlichkeit,Sachsen,Gym,,2019.0,"Ethik, Philo"
15,11,0.46650919688188114,"ethischer Forderungen des Buddhismus Laien- und Mönchsethik Beurteilen ausgewählter Aspekte europäischer Lebensweise aus buddhistischer Sicht Bequemlichkeit Hektik Individualitätswahn Ernährungsweise Stationenlernen RE/e, Kl. , LB RE/k, Kl. , LB Empathie und Perspektivwechsel Bildung für nachhaltige Entwicklung Lernbereich : Das Phänomen Liebe Ustd. Einblick gewinnen in Darstellungen der Liebe in der Kunst Abaelardus: Der Briefwechsel mit Heloisa Tullia dAragona: Über die Unendlichkeit der",Sachsen,Gym,,2019.0,"Ethik, Philo"
16,9,0.9704300324298342,"Dialog zwischen den Kulturen zählen dazu. Ein Austausch mit Gleichaltrigen zu fachlichen Themen unterstützt die Auseinandersetzung mit kultureller Vielfalt. Die damit verbundenen Lernprozesse zielen auf das gegenseitige Verstehen, auf bereichernde Perspektivwechsel, auf die Reflexion der eigenen Wahrnehmung und einen toleranten Umgang miteinander ab. Fast alle Unterrichtsinhalte sind geeignet, sie als Gegenstand für bi- oder multilaterale Projekte, Schüleraustausche oder auch virtuelle grenzüberschreitende",MeckPomm,Gym,Sek2,2019.0,"Ethik, Philo"
17,12,0.6781470687835409,"Handlungen analysieren Textstrukturen analysieren, dabei auf Brüche, Lücken und Ränder achten flexion Sprachgebrauch reflektieren und überprüfen Sprachliches Handeln im Kontext der Lebenswelt rekonstruieren Eigene Wahrnehmungen und subjektive Erfahrungen reflektieren Durch Perspektivenwechsel einen übergreifenden Zusammenhang finden Das Vorverständnis und Leseverständnis reflektieren Die Eigenart von Texten begreifen lernen ahrnehmung Die Sprache von Beobachtungssätzen analysieren Die impliziten Regeln im Handeln und Sprechen erschließen Lebenswelt",MeckPomm,Gym,Sek2,2019.0,"Ethik, Philo"
18,5,0.9294866566252379,"dem Menschen, der sie gerne wären. Einsicht allein führt aber häufig noch nicht zu dem entsprechenden Handeln. So ist auch die Motivation zu werteinsichtigem Handeln zu stärken, z. B. durch Perspektivwechsel und insbesondere das Einfühlen in die Situation anderer. Schließlich werden die Schülerinnen und Schüler auch in der Lage sein müssen, die Handlung adäquat durchzuführen, die sie für sich als richtig",Bayern,Gym,13,,"Ethik, Philo"
19,12,0.9388879228481349,"umfasst die verschiedenen Fähigkeiten der Schülerin und des Schülers, seinen Mitmenschen mit seinen Bedürfnissen bewusst wahrnehmen und darauf angemessen reagieren zu können. In diesem Zusammenhang spielt die Einübung in den Perspektivenwechsel eine wichtige Rolle. Die Schülerinnen und Schüler sollen nicht nur die eigene Position bezüglich eines Themas formulieren können, sondern sich auch die emotionalen Konsequenzen für eine fremde handelnde Person vorstellen",Bayern,Gym,13,,"Ethik, Philo"
20,5,0.9294866566252379,"dem Menschen, der sie gerne wären. Einsicht allein führt aber häufig noch nicht zu dem entsprechenden Handeln. So ist auch die Motivation zu werteinsichtigem Handeln zu stärken, z. B. durch Perspektivwechsel und insbesondere das Einfühlen in die Situation anderer. Schließlich werden die Schülerinnen und Schüler auch in der Lage sein müssen, die Handlung adäquat durchzuführen, die sie für sich als richtig",Bayern,Gym,12,,"Ethik, Philo"
21,12,0.9388879228481349,"umfasst die verschiedenen Fähigkeiten der Schülerin und des Schülers, seinen Mitmenschen mit seinen Bedürfnissen bewusst wahrnehmen und darauf angemessen reagieren zu können. In diesem Zusammenhang spielt die Einübung in den Perspektivenwechsel eine wichtige Rolle. Die Schülerinnen und Schüler sollen nicht nur die eigene Position bezüglich eines Themas formulieren können, sondern sich auch die emotionalen Konsequenzen für eine fremde handelnde Person vorstellen",Bayern,Gym,12,,"Ethik, Philo"
22,6,0.9647433580318026,"politische, gesellschaftliche, kulturelle und wirtschaftliche Internationalisierung und die größer gewordene kulturelle Vielfalt. Diese Entwicklung fordert und fördert eine verstärkte Verfügbarkeit von interkulturellen Kompetenzen bei Schülerinnen und Schülern, insbesondere durch regelmäßige Perspektivwechsel im Unterricht. Die Lehrpläne für die Gemeinschaftsschule sollen in diesem Sinne dazu beitragen, dass der dem Konzept der Gemeinschaftsschule innewohnende und in der Verordnung über den Bildungsgang und die Abschlüsse",Saarland,GemS,,2018.0,"Ethik, Philo"
23,5,0.9294866566252379,"dem Menschen, der sie gerne wären. Einsicht allein führt aber häufig noch nicht zu dem entsprechenden Handeln. So ist auch die Motivation zu werteinsichtigem Handeln zu stärken, z. B. durch Perspektivwechsel und insbesondere das Einfühlen in die Situation anderer. Schließlich werden die Schülerinnen und Schüler auch in der Lage sein müssen, die Handlung adäquat durchzuführen, die sie für sich als richtig",Bayern,Gym,,,"Ethik, Philo"
24,12,0.9388879228481349,"umfasst die verschiedenen Fähigkeiten der Schülerin und des Schülers, seinen Mitmenschen mit seinen Bedürfnissen bewusst wahrnehmen und darauf angemessen reagieren zu können. In diesem Zusammenhang spielt die Einübung in den Perspektivenwechsel eine wichtige Rolle. Die Schülerinnen und Schüler sollen nicht nur die eigene Position bezüglich eines Themas formulieren können, sondern sich auch die emotionalen Konsequenzen für eine fremde handelnde Person vorstellen",Bayern,Gym,,,"Ethik, Philo"
25,12,0.6063841967987109,"Bereiche der Lebenswirklichkeit, z. B. Wahrnehmungsspiele Problem der selektiven Wahrnehmung, Sinnestäuschungen Faktoren, die die Wahrnehmung beeinflussen, z. B. Vorwissen, Interessen, Erfahrungen, Einstellungen, Gewohnheiten, Vorurteile, Alter oder Stimmungen Einsatz vielfältiger Sinne, Perspektivwechsel, Offenheit, Neugier, begründete Urteilsfindung Fremd- und Selbstwahrnehmung Feedbackregeln Lernbereich : Leben in der Familie ca. Std. Erlebenswelt von z. B. blinden, gehörlosen oder alten Menschen: Schwierigkeiten im Alltag, z. B.",Bayern,Realschule,,2023.0,"Ethik, Philo"
26,12,0.77920186417981,"andere Sozialformen, z. B. Liebesbeziehung, Clique ethische Anforderungen, z. B. Vertrauenswürdigkeit, Ehrlichkeit, Hilfsbereitschaft, Verlässlichkeit ethische Grundsätze z. B. Goldene Regel und Handlungs- bzw. Kommunikationsstrategien, z. B. Ich-Botschaften mit altersgemäßen Begründungen, Perspektivwechsel Konflikte in Freundschaften, einfache Dilemmasituationen literarische Texte zum Thema Freundschaft Kompetenzerwartungen Die Schülerinnen und Schüler ... begründen ihre persönlichen Präferenzen in der Freizeitgestaltung. schätzen die Freizeit als wertvolle Möglichkeit der",Bayern,Realschule,,2023.0,"Ethik, Philo"
27,11,0.9166646789769888,"Inhalte zu den Kompetenzen: Formen von Hilfsbedürftigkeit; Möglichkeiten und Grenzen, zu helfen; Situationen, in denen Hilfe benötigt wird; Beweggründe für Hilfeleistung, z. B. Wohltätigkeit, Altruismus, Nächstenliebe Begriffe Tugend Empathie, sozial Perspektivwechsel Vorbilder, z. B. Mutter Teresa, H. Gmeiner, aktuelle Idole, sozial engagierte Menschen im persönlichen Umfeld Möglichkeiten sozialen Engagements: z. B. Hilfe für Schüler z. B. Tutoren, Lesepaten, Streitschlichter, Juniorhelfer im",Bayern,Realschule,,2023.0,"Ethik, Philo"
28,4,0.9660492693111565,"sie sich mit den dort aufgeführten Inhalten in der Fremdsprache auseinandersetzen. Kompetenzerwartungen Die Schülerinnen und Schüler ... setzen die englische Sprache als Mittel zur authentischen Kommunikation ein und nehmen einen Perspektivenwechsel vor, indem sie die Fremdsprache als Spiegel kultureller Besonderheiten und Unterschiede begreifen. setzen fachspezifisches Vokabular gezielt und reflektiert ein und hinterfragen sprachliche Phänomene kritisch. vertiefen die oben genannten Fähigkeiten und",Bayern,Realschule,,2023.0,"Ethik, Philo"
29,4,0.9660492693111565,"sie sich mit den dort aufgeführten Inhalten in der Fremdsprache auseinandersetzen. Kompetenzerwartungen Die Schülerinnen und Schüler ... setzen die englische Sprache als Mittel zur authentischen Kommunikation ein und nehmen einen Perspektivenwechsel vor, indem sie die Fremdsprache als Spiegel kultureller Besonderheiten und Unterschiede begreifen. setzen fachspezifisches Vokabular gezielt und reflektiert ein und hinterfragen sprachliche Phänomene kritisch. vertiefen die oben genannten Fähigkeiten und",Bayern,Realschule,,2023.0,"Ethik, Philo"
30,4,0.9660492693111565,"sie sich mit den dort aufgeführten Inhalten in der Fremdsprache auseinandersetzen. Kompetenzerwartungen Die Schülerinnen und Schüler ... setzen die englische Sprache als Mittel zur authentischen Kommunikation ein und nehmen einen Perspektivenwechsel vor, indem sie die Fremdsprache als Spiegel kultureller Besonderheiten und Unterschiede begreifen. setzen fachspezifisches Vokabular gezielt und reflektiert ein und hinterfragen sprachliche Phänomene kritisch. vertiefen die oben genannten Fähigkeiten und",Bayern,Realschule,,2023.0,"Ethik, Philo"
31,4,0.9660492693111565,"sie sich mit den dort aufgeführten Inhalten in der Fremdsprache auseinandersetzen. Kompetenzerwartungen Die Schülerinnen und Schüler ... setzen die englische Sprache als Mittel zur authentischen Kommunikation ein und nehmen einen Perspektivenwechsel vor, indem sie die Fremdsprache als Spiegel kultureller Besonderheiten und Unterschiede begreifen. setzen fachspezifisches Vokabular gezielt und reflektiert ein und hinterfragen sprachliche Phänomene kritisch. vertiefen die oben genannten Fähigkeiten und",Bayern,Realschule,,2023.0,"Ethik, Philo"
32,8,0.949073974340423,"Zugänge zu ihr zu beschreiben und die jeweiligen Beziehungen zu reflektieren. Daraus leitet sich die Aufgabe des gesellschaftswissenschaftlichen Unterrichts ab, den Schüler zunehmend zum vernetzten Denken zu befähigen und zum Perspektivwechsel anzuregen. Vgl. Leitgedanken zu den Thüringer Lehrplänen für den Erwerb der allgemein bildenden Schulabschlüsse, Kapitel Überzeugungen und Zugehörigkeiten zu verstehen und zu tolerieren. Der Unterricht zielt gleichermaßen auf den Erwerb",Thüringen,Gym,,2012.0,"Ethik, Philo"
33,7,0.9517531104849996,"Gegenüberstellen und Prüfen von Lösungsansätzen, - Reflexion und Begründung der eigenen Position. Diese Kompetenz kann insbesondere durch folgende Schülertätigkeiten entwickelt werden: - reflektieren, - argumentieren, - eigene Position begründen, - Perspektivwechsel vornehmen, - einen Sokratischen Dialog führen, - in einer Debatte auch eine fremde Position vertreten, - einen philosophischen Diskurs führen, Die Kompetenz im Bereich Entscheiden und Handeln bedeutet, Einsichten in",Thüringen,Gym,,2012.0,"Ethik, Philo"
34,12,0.9388878195581445,"hat erfahren, dass er in verschiedenen Institutionen unterschiedliche Rollen erfüllt. Die damit verbundenen Rollenerwartungen, Aufgaben und Pflichten sind ihm bekannt. In diesem Kontext auftretende Konfliktsituationen sind in Rollenspielen und durch Perspektivwechsel bearbeitet worden. Das bedeutet für die Klassenstufen /: Der Schüler kann in Auseinandersetzung mit eigenen Bedürfnissen und Interessen sowie mit den Bedürfnissen und Interessen der Anderen über ein faires und",Thüringen,Gym,,2012.0,"Ethik, Philo"
35,9,0.77479835301819,"Einflussnahme auf das G l ü c k anderer untersuchen, - beschreiben, wie Glücks- und Leiderfahrungen die Entwicklung des Menschen gleichermaßen fördern können. Methodenkompetenz Der Schüler kann - sich durch Perspektivwechsel in die Rolle eines Anderen versetzen, - konkrete Maßnahmen zur Verbesserung des Miteinanders entwickeln und erproben, - wesentliche Aussagen aus einfachen philosophischen und literarischen Texten herausarbeiten. Selbst- und Sozialkompetenz Der",Thüringen,Gym,,2012.0,"Ethik, Philo"
36,12,0.9236091171074315,"Finanzen, Gesundheit, - verschiedene Deutungen des Gewissens und der Gewissensbildung mit eigenen Erfahrungen und Vorstellungen vergleichen, - das Problem der Manipulierbarkeit und des Gewissensirrtums erläutern. Methodenkompetenz Der Schüler kann - Perspektivwechsel auf unterschiedliche Weise vornehmen und darstellen, z. B. Spiegeln, Rollenspiel, Anti-Bias, - das Wesen eines Dilemmas erkennen und beschreiben. Selbst- und Sozialkompetenz Der Schüler kann - eigene Wertvorstellungen und Lebensziele",Thüringen,Gym,,2012.0,"Ethik, Philo"
37,2,0.8854159197665861,"- Entscheidungsmodelle erklären, z. B. Eisbergmodell. Methodenkompetenz Der Schüler kann - Konfliktlösungsstrategien erarbeiten und erproben, z. B. Ich-Botschaft, aktives Zuhören, Streitschlichtung, - Methoden der Entscheidungsfindung anwenden, z. B. Gedankenexperiment und Perspektivwechsel, Debatte und Abstimmung. Selbst- und Sozialkompetenz Der Schüler kann - sich selbst akzeptieren und Anderen vertrauen, - die zentrale Rolle von Ve r a n t w o r t",Thüringen,Gym,,2012.0,"Ethik, Philo"
38,9,0.7039980757445911,"die Ambivalenz von Wissenschafts- und Techniknutzung in Geschichte und Gegenwart mit Hilfe geeigneter Medien analysieren und werten, - Methoden der Begriffsklärung anwenden, - durch zielführende Fragestellungen Aussagen überprüfen, - durch Perspektivwechsel Vorurteile herausfinden, - in Texten die Argumentationsstruktur untersuchen, - den Geltungsanspruch von Aussagen und Urteilen kritisch hinterfragen und diskursiv überprüfen. Selbst- und Sozialkompetenz Der Schüler kann - sich als Natur-",Thüringen,Gym,,2012.0,"Ethik, Philo"
39,2,0.9166661678057156,"Geschichte erschließen, - das Spannungsverhältnis zwischen Tradition und Fortschritt an Beispielen aufzeigen, - die Möglichkeiten und die Grenzen des Umgangs mit der eigenen Zeit diskutieren. Methodenkompetenz Der Schüler kann - Perspektivwechsel gezielt anwenden, - Fragebögen entwickeln, - Interviews führen und auswerten, - vergangene und zukünftige Lebensbedingungen gestalterisch darstellen, z. B. bildnerisch, szenisch. Selbst- und Sozialkompetenz Der Schüler kann - sich mit",Thüringen,Gym,,2012.0,"Ethik, Philo"
40,4,0.6929311084375364,"Kompetenzen methodisch-didaktische Hinweise Sinn des Lebens Die Schülerinnen und Schüler entwerfen einen Lebensplan anhand verschiedener Ziele, erläutern den Sinn von Lebenszielen. Gestalten eines Lebensweg-Plakates z. B. mit Phasen und Zielen Perspektivwechsel: Ich liege auf dem Sterbebett und denke über mein Leben nach: Was bereitet mir im Nachdenken Freude Endlichkeit und Sinn des Lebens Die Schülerinnen und Schüler erläutern mögliche Verhältnisse von",Saarland,GemS,"7,8",2018.0,"Ethik, Philo"
41,12,0.3722767731481415,"sein, auf der Flucht zu sein, andere Eltern zu haben, einer anderen Kultur anzugehören Rollenspiele Spielerisches Umsetzen von Möglichkeiten, Gefahren zu begegnen, Niederlagen zu verarbeiten etc.; Textproduktion Entwurf von Szenen, Perspektivwechsel stellen aus dem Wissen dieser Diskrepanz die Frage nach der eigenen Identität und versuchen zu begründen, was Identität konstituiert - Selbstkompetenz, untersuchen verschiedene Wege der Selbsterkenntnis und grenzen sie gegeneinander",MeckPomm,,7-10,2002.0,"Ethik, Philo"
42,12,0.568239944934805,"Handlungen analysieren Textstrukturen analysieren, dabei auf Brüche, Lücken und Ränder achten Reflexion Sprachgebrauch reflektieren und überprüfen Sprachliches Handeln im Kontext der Lebenswelt rekonstruieren Eigene Wahrnehmungen und subjektive Erfahrungen reflektieren Durch Perspektivenwechsel einen übergreifenden Zusammenhang finden Das Vorverständnis und Leseverständnis reflektieren Die Eigenart von Texten begreifen lernen Wahrnehmung Die Sprache von Beobachtungssätzen analysieren Die impliziten Regeln im Handeln und Sprechen erschließen Lebenswelt",Rheinland-Pfalz,Gym,Sek2,2011.0,"Ethik, Philo"
43,4,0.6929311084375364,"Kompetenzen methodisch-didaktische Hinweise Sinn des Lebens Die Schülerinnen und Schüler entwerfen einen Lebensplan anhand verschiedener Ziele, erläutern den Sinn von Lebenszielen. Gestalten eines Lebensweg-Plakates z. B. mit Phasen und Zielen Perspektivwechsel: Ich liege auf dem Sterbebett und denke über mein Leben nach: Was bereitet mir im Nachdenken Freude Endlichkeit und Sinn des Lebens Die Schülerinnen und Schüler erläutern mögliche Verhältnisse von",Saarland,Gym,"7,8",2018.0,"Ethik, Philo"
44,7,0.6138856561577485,"und Politik wahrzunehmen und an ihren Lösungen teilzuhaben. Beitrag zur Leitperspektive BNE: Die Schülerinnen und Schüler untersuchen moralisch-ethische Dimensionen, die den Entwicklungszielen für Nachhaltigkeit SDGs und ihren Begründungen zugrunde liegen. Perspektivwechsel, Empathie und die Auseinandersetzung mit Dilemmata sowie Kontroversen stehen dabei im Mittelpunkt. Sie sind auf das Ziel der Gerechtigkeit zwischen den Generatioi f i l G hti k it i",Hamburg,,Studienstufe,2022.0,"Ethik, Philo"
45,8,0.9647434582895964,"Zugänge zu ihr zu beschreiben und die jeweiligen Beziehungen zu reflektieren. Daraus leitet sich die Aufgabe des gesellschaftswissenschaftlichen Unterrichts ab, den Schüler zunehmend zum vernetzten Denken zu befähigen und zum Perspektivwechsel anzuregen. Im Sinne der Normen und Werte des Grundgesetzes lernt der Schüler kulturelle Prägungen, Überzeugungen und Zugehörigkeiten zu verstehen und zu tolerieren. Der Unterricht zielt gleichermaßen auf den Erwerb fachspezifischer",Thüringen,Regelschule,,2012.0,"Ethik, Philo"
46,7,0.9460770016315598,"Gegenüberstellen und Prüfen von Lösungsansätzen, - Reflexion und Begründung der eigenen Position. Diese Kompetenz kann insbesondere durch folgende Schülertätigkeiten entwickelt werden: - reflektieren, - argumentieren, - eigene Position begründen, - Perspektivwechsel vornehmen, - in Ansätzen einen Sokratischen Dialog führen, - in einer Debatte auch eine fremde Position vertreten. Die Kompetenz im Bereich Entscheiden und Handeln bedeutet, Einsichten in der praktischen Anwendung",Thüringen,Regelschule,,2012.0,"Ethik, Philo"
47,12,0.9388878195581445,"hat erfahren, dass er in verschiedenen Institutionen unterschiedliche Rollen erfüllt. Die damit verbundenen Rollenerwartungen, Aufgaben und Pflichten sind ihm bekannt. In diesem Kontext auftretende Konfliktsituationen sind in Rollenspielen und durch Perspektivwechsel bearbeitet worden. Das bedeutet für die Klassenstufen /: Der Schüler kann in Auseinandersetzung mit eigenen Bedürfnissen und Interessen sowie mit den Bedürfnissen und Interessen der Anderen über ein faires und",Thüringen,Regelschule,,2012.0,"Ethik, Philo"
48,9,0.7963531726607553,"Einflussnahme auf das G l ü c k Anderer untersuchen, - beschreiben, wie Glücks- und Leiderfahrungen die Entwicklung des Menschen gleichermaßen fördern können. Methodenkompetenz Der Schüler kann - sich durch Perspektivwechsel in die Rolle eines Anderen versetzen, - konkrete Maßnahmen zur Verbesserung des Miteinanders entwickeln und erproben, - wesentliche Aussagen aus einfachen philosophischen und literarischen Texten herausarbeiten. Selbst- und Sozialkompetenz Der",Thüringen,Regelschule,,2012.0,"Ethik, Philo"
49,12,0.9236091171074315,"Finanzen, Gesundheit, - verschiedene Deutungen des Gewissens und der Gewissensbildung mit eigenen Erfahrungen und Vorstellungen vergleichen, - das Problem der Manipulierbarkeit und des Gewissensirrtums erläutern. Methodenkompetenz Der Schüler kann - Perspektivwechsel auf unterschiedliche Weise vornehmen und darstellen, z. B. Spiegeln, Rollenspiel, Anti-Bias, - das Wesen eines Dilemmas erkennen und beschreiben. Selbst- und Sozialkompetenz Der Schüler kann - eigene Wertvorstellungen und Lebensziele",Thüringen,Regelschule,,2012.0,"Ethik, Philo"
50,2,0.8854159197665861,"- Entscheidungsmodelle erklären, z. B. Eisbergmodell. Methodenkompetenz Der Schüler kann - Konfliktlösungsstrategien erarbeiten und erproben, z. B. Ich-Botschaft, aktives Zuhören, Streitschlichtung, - Methoden der Entscheidungsfindung anwenden, z. B. Gedankenexperiment und Perspektivwechsel, Debatte und Abstimmung. Selbst- und Sozialkompetenz Der Schüler kann - sich selbst akzeptieren und Anderen vertrauen, - die zentrale Rolle von Ve r a n t w o r t",Thüringen,Regelschule,,2012.0,"Ethik, Philo"
51,9,0.7039980757445911,"die Ambivalenz von Wissenschafts- und Techniknutzung in Geschichte und Gegenwart mit Hilfe geeigneter Medien analysieren und werten, - Methoden der Begriffsklärung anwenden, - durch zielführende Fragestellungen Aussagen überprüfen, - durch Perspektivwechsel Vorurteile herausfinden, - in Texten die Argumentationsstruktur untersuchen, - den Geltungsanspruch von Aussagen und Urteilen kritisch hinterfragen und diskursiv überprüfen. Selbst- und Sozialkompetenz Der Schüler kann - sich als Natur-",Thüringen,Regelschule,,2012.0,"Ethik, Philo"
52,2,0.9388885289025867,"in unserer Geschichte erschließen, - die Möglichkeiten und die Grenzen des Umgangs mit der eigenen Zeit diskutieren. Methodenkompetenz Der Schüler kann - Fragebögen entwickeln, - Interviews führen und auswerten, - Perspektivwechsel vornehmen, - vergangene und zukünftige Lebensbedingungen gestalterisch darstellen, z. B. bildnerisch, szenisch. Selbst- und Sozialkompetenz Der Schüler kann - eigene Beziehungen zu Vergangenheit, Gegenwart und Zukunft bewusst wahrnehmen und mitteilen,",Thüringen,Regelschule,,2012.0,"Ethik, Philo"
53,2,0.9294864525356057,"Sterben und Tod beschreiben, - sich mit ethischen Fragen der Organspende auseinandersetzen, - die Möglichkeiten und die Grenzen des Umgangs mit der eigenen Zeit diskutieren. Methodenkompetenz Der Schüler kann - Perspektivwechsel gezielt vornehmen, - Gedankenexperimente durchführen, - Fragebögen entwickeln, - Interviews führen und auswerten, - vergangene und zukünftige Lebensbedingungen gestalterisch darstellen, z. B. bildnerisch, szenisch. Selbst- und Sozialkompetenz Der Schüler kann",Thüringen,Regelschule,,2012.0,"Ethik, Philo"
54,2,0.9294853418859772,"Gesichtspunkten erschließen und sein Verständnis adressatenorientiert mitteilen, - in Ansätzen ein sokratisches Gespräch führen. Selbst- und Sozialkompetenz Der Schüler kann - eigene Wahrnehmungen und Vorstellungen als bedingt beschreiben, - durch Perspektivwechsel seine eigenen Vorstellungen reflektieren und modifizieren, - reflektieren, dass Werte- und Normensysteme nicht auf unveräußerliche Menschenrechte verzichten sollen, - vor dem Hintergrund verschiedener ethischer Positionen den eigenen Standpunkt hinterfragen. Wir",Thüringen,Regelschule,,2012.0,"Ethik, Philo"
55,4,0.9672617560211094,"besonders anhand der im Folgenden aufgeführten Inhalte vertiefen. Kompetenzerwartungen Die Schülerinnen und Schüler ... setzen die englische Sprache als Mittel zur authentischen Kommunikation ein und nehmen einen sprachlichen und inhaltlichen Perspektivenwechsel vor, indem sie die Fremdsprache als Spiegel kultureller Besonderheiten und Unterschiede begreifen, um historische Phänomene multiperspektivisch zu betrachten und zu erschließen. nutzen ihre historischen Kenntnisse, um faktengestützt Themen der Jahrgangsstufe",Bayern,Realschule,10,,Geschichte
56,8,0.9647434582895964,"Zugänge zu ihr zu beschreiben und die jeweiligen Beziehungen zu reflektieren. Daraus leitet sich die Aufgabe des gesellschaftswissenschaftlichen Unterrichts ab, den Schüler zunehmend zum vernetzten Denken zu befähigen und zum Perspektivwechsel anzuregen. Im Sinne der Normen und Werte des Grundgesetzes lernt der Schüler, kulturelle Prägungen, Überzeugungen und Zugehörigkeiten zu verstehen und zu tolerieren. Der Unterricht zielt gleichermaßen auf den Erwerb fachspezifischer",Thüringen,Gym,,2021.0,Geschichte
57,10,0.9345227052134596,"und Kulturtransfer, historischen Interaktionsräumen, wirtschaftlichen Verflechtungen oder Migrationsprozessen beschäftigen, bieten dem Schüler die Gelegenheit, zeitliche und kulturelle Alterität - also Andersartigkeit oder Differenz - zu erfahren und die Fähigkeit zum Perspektivenwechsel auszubilden, um sich in einer globalisierten Welt zu orientieren. Ebenso lassen sich auch lokale und regionale Beispiele unter globalen Fragestellungen betrachten. Lokal- und regionalgeschichtliche Themen und Inhalte, die in besonderer",Thüringen,Gym,,2021.0,Geschichte
58,12,0.8981450486603589,"epochentypischer Ereignisse, Strukturen und Lebensweisen können diese Deutungen vom Mittelalter exemplarisch überprüft, in Ansätzen reflektiert und ggf. revidiert werden. Anhand von Kulturbegegnungen und Kulturkonflikten und deren Folgen kann der Schüler Perspektivenwechsel und Fremdverstehen üben. Die bewusste Wahrnehmung des Mittelalters als Epoche durch die Kennzeichnung charakteristischer Epochenmerkmale ermöglicht dem Schüler die Einordnung tiefgreifender Veränderungen im Leben und Denken der Menschen, die den",Thüringen,Gym,,2021.0,Geschichte
59,3,0.9618053769104215,"oder soziale Konflikte und Kriege werden in ihrer Wechselwirkung von ökonomischen, ökologischen, regionalen und internationalen, sozialen und kulturellen Aspekten betrachtet. BNE ist dabei keine zusätzliche neue Aufgabe, sondern beinhaltet einen Perspektivwechsel mit neuen inhaltlichen Schwerpunkten. Unterstützung und Orientierung gibt der Orientierungsrahmen für den Lernbereich Globale Entwicklung von KMK und BMZ herausgegeben https://www.kmk.org/fileadmin/veroeffentlichung enbeschluesse//-Orientierungsrahmen-Globale-Entwicklung.pdf, der Empfehlungen für die Entwicklung von Lehr- und",MeckPomm,Regionale Schule,7-10,2023.0,Geschichte
60,9,0.9683907177345631,"und den Dialog zwischen den Kulturen. Ein Austausch mit Gleichaltrigen zu fachlichen Themen unterstützt die Auseinandersetzung mit kultureller Vielfalt. Die damit verbundenen Lernprozesse zielen auf das gegenseitige Verstehen, auf bereichernde Perspektivwechsel, auf die Reflexion der eigenen Wahrnehmung und einen toleranten Umgang miteinander ab. Fast alle Unterrichtsinhalte sind geeignet, sie als Gegenstand für bi- oder multilaterale Projekte, Austausche oder auch virtuelle grenzüberschreitende",MeckPomm,Regionale Schule,7-10,2023.0,Geschichte
61,3,0.9618053769104215,"oder soziale Konflikte und Kriege werden in ihrer Wechselwirkung von ökonomischen, ökologischen, regionalen und internationalen, sozialen und kulturellen Aspekten betrachtet. BNE ist dabei keine zusätzliche neue Aufgabe, sondern beinhaltet einen Perspektivwechsel mit neuen inhaltlichen Schwerpunkten. Unterstützung und Orientierung gibt der Orientierungsrahmen für den Lernbereich Globale Entwicklung von KMK und BMZ herausgegeben https://www.kmk.org/fileadmin/veroeffentlichung enbeschluesse//-Orientierungsrahmen-Globale-Entwicklung.pdf, der Empfehlungen für die Entwicklung von Lehr- und",MeckPomm,Gym,7-10,2023.0,Geschichte
62,9,0.9683907177345631,"und den Dialog zwischen den Kulturen. Ein Austausch mit Gleichaltrigen zu fachlichen Themen unterstützt die Auseinandersetzung mit kultureller Vielfalt. Die damit verbundenen Lernprozesse zielen auf das gegenseitige Verstehen, auf bereichernde Perspektivwechsel, auf die Reflexion der eigenen Wahrnehmung und einen toleranten Umgang miteinander ab. Fast alle Unterrichtsinhalte sind geeignet, sie als Gegenstand für bi- oder multilaterale Projekte, Austausche oder auch virtuelle grenzüberschreitende",MeckPomm,Gym,7-10,2023.0,Geschichte
63,12,0.5005113945216182,"Stellen in den globalen Kontext, sodass das Eigene auf der Folie des Fremden als ähnlich oder anders und gleichzeitig schärfer wahrgenommen und in größere Zusammenhänge eingeordnet werden kann. Solche globalgeschichtlichen Perspektivenwechsel bieten zudem in einer durch Migration geprägten Gesellschaft den Schülerinnen und Schülern die Möglichkeit, im Unterricht ihre eigene Herkunftsgeschichte beziehungsweise die ihrer Familie kennenzulernen. Andererseits gibt es Fenster zur Welt,",BaWü,Gym,,2016.0,Geschichte
64,12,0.6800971758121718,"Räumen zu - China, Russland, Türkei -, die bislang nicht im Zentrum des Geschichtsunterrichts standen. Sie fragen nach den historischen Wurzeln der gegenwärtigen Probleme in diesen ehemaligen Imperien. Durch den Perspektivenwechsel lernen die Schülerinnen und Schüler die historische Eigenständigkeit dieser Räume kennen. In ähnlicher Weise wie dies zuvor aus deutscher und europäischer Perspektive in den Fenstern zur Welt geschah, öffnen sie",BaWü,Gym,,2016.0,Geschichte
65,1,0.3092278026266762,"einen Beitrag zur Wissenschaftspropädeutik und zur Förderung der Studierfähigkeit zu leisten. In der Klasse wird dies durch eine anspruchsvolle Fragestellung angebahnt, die ihren Ausgangspunkt in der Gegenwart nimmt und einen Perspektivenwechsel fordert. Auch stehen komplexere Konzepte zum Beispiel Imperium, Marxismus stärker als bisher im Zentrum. Oberstufenarbeit fordert nicht nur eine erhöhte Selbstständigkeit im Urteil, sondern auch in der Arbeitsorganisation. In der",BaWü,Gym,,2016.0,Geschichte
66,7,0.5648491638970584,"Europazentrierung. Dieses Thema, das eine der Kernherausforderungen des beginnenden Jahrhunderts darstellt und mit anderem Fokus am Ende der Oberstufe im letzten Semester noch einmal aufgegriffen werden wird, eröffnet Fremdverstehen, erfordert Perspektivwechsel der Schülerinnen und Schüler und ermöglicht die Relativierung eigener Standpunkte. Historische Inhalte Problemorientierte Fragestellungen Migration in der Geschichte Kulturübertragung - wechselseitige Beeinflussung Kolonialismus Europäische Expansion - auf wessen Kosten und",Schleswig-Holstein,,Sek1,2016.0,Geschichte
67,8,0.9713539122517117,der Fremdsprache und verknüpft inhaltliches Lernen mit fremdsprachlichem Lernen. Bilingualer Unterricht im Fach Geschichte bedient sich authentischer Materialien aus dem nichtdeutschen Sprachraum und konfrontiert die Lernenden mit unterschiedlichen kulturellen Deutungsmustern Perspektivwechsel. Die fremdsprachliche Verständigung über historische Inhalte bereitet die Lernenden auf den fachsprachlichen Diskurs mit Menschen aus anderen Ländern vor. Kompetenzbereiche des Faches Abb. : Kompetenzbereiche des Faches Geschichte Historisches Lernen,Hessen,Gym,Sek1,2021.0,Geschichte
68,4,0.9660492500662274,"besonders anhand der im Folgenden aufgeführten Inhalte vertiefen. Kompetenzerwartungen Die Schülerinnen und Schüler ... setzen die englische Sprache als Mittel zur authentischen Kommunikation ein und nehmen einen sprachlichen und inhaltlichen Perspektivenwechsel vor. So begreifen sie, dass die Fremdsprache ein Spiegel kultureller Besonderheiten und Unterschiede ist, um historische Phänomene multiperspektivisch zu betrachten und zu erschließen. nutzen ihre historischen Kenntnisse, um faktengestützt Themen",Bayern,Realschule,7,,Geschichte
69,5,0.26157853729709823,"und ihrer kulturellen Leistung in der mittelalterlichen Welt, aber auch mit den wechselseitigen Konflikten und den unterschiedlichen Weiterentwicklungen der jeweiligen Kultur verlangt von den Schülerinnen und Schülern Fremdverstehen und einen Perspektivenwechsel, der sie in die Lage versetzt, eigene Standpunkte zu hinterfragen. Inhaltsfeld Die Menschenrechte in historischer Perspektive Das Inhaltsfeld eröffnet den Schülerinnen und Schülern einen reflektierten historischen Zugriff auf die Grundlagen",NRW,Gym,Sek2,2014.0,Geschichte
70,8,0.9713539122517117,der Fremdsprache und verknüpft inhaltliches Lernen mit fremdsprachlichem Lernen. Bilingualer Unterricht im Fach Geschichte bedient sich authentischer Materialien aus dem nichtdeutschen Sprachraum und konfrontiert die Lernenden mit unterschiedlichen kulturellen Deutungsmustern Perspektivwechsel. Die fremdsprachliche Verständigung über historische Inhalte bereitet die Lernenden auf den fachsprachlichen Diskurs mit Menschen aus anderen Ländern vor. Kompetenzbereiche des Faches Abb. : Kompetenzbereiche im Fach Geschichte Historisches Lernen,Hessen,Realschule,,2021.0,Geschichte
71,8,0.9647434582895964,"Zugänge zu ihr zu beschreiben und die jeweiligen Beziehungen zu reflektieren. Daraus leitet sich die Aufgabe des gesellschaftswissenschaftlichen Unterrichts ab, den Schüler zunehmend zum vernetzten Denken zu befähigen und zum Perspektivwechsel anzuregen. Im Sinne der Normen und Werte des Grundgesetzes lernt der Schüler, kulturelle Prägungen, Überzeugungen und Zugehörigkeiten zu verstehen und zu tolerieren. Der Unterricht zielt gleichermaßen auf den Erwerb fachspezifischer",Thüringen,Regelschule,,2012.0,Geschichte
72,10,0.9345227052134596,"und Kulturtransfer, historischen Interaktionsräumen, wirtschaftlichen Verflechtungen oder Migrationsprozessen beschäftigen, bieten dem Schüler die Gelegenheit, zeitliche und kulturelle Alterität - also Andersartigkeit oder Differenz - zu erfahren und die Fähigkeit zum Perspektivenwechsel auszubilden, um sich in einer globalisierten Welt zu orientieren. Ebenso lassen sich auch lokale und regionale Beispiele unter globalen Fragestellungen betrachten. Lokal- und regionalgeschichtliche Themen und Inhalte, die in besonderer",Thüringen,Regelschule,,2012.0,Geschichte
73,12,0.5729721562334226,"Strukturen und Lebensweisen im Prozess der Rekonstruktion als Deutungen vom Mittelalter überprüft, in Ansätzen reflektiert und ggf. revidiert werden. Anhand von Kulturbegegnungen und Kulturkonflikten und deren Folgen kann der Schüler Perspektivenwechsel und Fremdverstehen üben. Der Epochenbegriff erweitert die Auseinandersetzung um Periodisierung von Geschichte anhand des Übergangs vom Mittelalter zur Frühen Neuzeit. Globalisierungsprozesse im Rahmen der Eroberung der neuen Welt und deren",Thüringen,Regelschule,,2012.0,Geschichte
74,12,0.5005113945216182,"Stellen in den globalen Kontext, sodass das Eigene auf der Folie des Fremden als ähnlich oder anders und gleichzeitig schärfer wahrgenommen und in größere Zusammenhänge eingeordnet werden kann. Solche globalgeschichtlichen Perspektivenwechsel bieten zudem in einer durch Migration geprägten Gesellschaft den Schülerinnen und Schülern die Möglichkeit, im Unterricht ihre eigene Herkunftsgeschichte beziehungsweise die ihrer Familie kennenzulernen. Andererseits gibt es Fenster zur Welt,",BaWü,,Sek1,2016.0,Geschichte
75,3,0.9345209395510465,"des Jahrhunderts in historischer Perspektive sowie die Europäische Integration. Während der europäische Einigungsprozess einen direkten Bezug zur Lebenswelt der Schülerinnen und Schüler hat, fordert das internationale Thema von ihnen einen Perspektivenwechsel. Es führt sie in außereuropäische Räume, die in unserer Gegenwart eine wachsende Bedeutung gewinnen. Gefragt wird in europäischer und -globaler Perspektive nicht nur nach den Ursachen der Dekolonisierung, sondern auch",BaWü,,Sek1,2016.0,Geschichte
76,9,0.9672613150405417,"Arbeiten, bereiten sich auf den Umgang mit vielschichtigen und vielgestaltigen Problemen und Themen vor und lernen, mit Phänomenen mehrperspektivisch umzugehen. Interdisziplinarität, Mehrperspektivität Die Schüler entwickeln die Fähigkeit zu Empathie und Perspektivwechsel und lernen, sich für die Rechte und Bedürfnisse anderer einzusetzen. Sie lernen unterschiedliche Positionen und Wertvorstellungen kennen und setzen sich mit ihnen auseinander, um sowohl eigene Positionen einzunehmen als auch",Sachsen,Gym,,2019.0,Geschichte
77,1,0.9647434481004145,"sowohl eigene Positionen einzunehmen als auch anderen gegenüber Toleranz zu entwickeln. Sie entwickeln interkulturelle Kompetenz, um offen zu sein, sich mit anderen zu verständigen und angemessen zu handeln. Empathie und Perspektivwechsel Die Schüler entwickeln eigene Wertvorstellungen auf der Grundlage der freiheitlichen demokratischen Grundordnung, indem sie Werte im schulischen Alltag erleben, kritisch reflektieren und diskutieren. Dazu gehören insbesondere Erfahrungen der Toleranz, der",Sachsen,Gym,,2019.0,Geschichte
78,12,0.4519518392020784,"Kulturbegegnung auf Europa Gold, Pflanzen, Genussmittel Nutzen digitaler Medien Beurteilen des Umgangs der Eroberer mit Ureinwohnern am Beispiel einer indianischen Hochkultur Zerstörung einer Hochkultur, Kolonialisierung, Europäisierung Mittel- und Südamerikas Abenteuerroman Perspektivwechsel: Vorstellungen vom Fremden und Abbildungen des Fremden Kennen grundlegender Veränderungen des Menschen- und Gottesbildes in der Reformation und ihrer Auswirkungen RE/e, Kl. , LB RE/k, Kl. , LB Methodenbewusstsein: Karikaturen",Sachsen,Gym,,2019.0,Geschichte
79,12,0.7708288188935243,"Stationen der Judenverfolgung Nürnberger Gesetze, Reichspogromnacht, Wannseekonferenz, Theresienstadt, Auschwitz Regionalgeschichte: November Shoa/Holocaust ETH, Kl. , LB RE/e, Kl. , LBW RE/k, Kl. , LB BIO, Kl. , LB Empathie und Perspektivwechsel Gewalt und Terror nach außen Phasen des Zweiten Weltkriegs Vernichtungskrieg im Osten Geschichtsatlas, schriftliche Quellen Reflexions- und Diskursfähigkeit: ideologischer Vernichtungskrieg Kennen von Möglichkeiten des Widerstands gegen Terror und Gewalt RE/e,",Sachsen,Gym,,2019.0,Geschichte
80,11,0.7398004557443392,"Gewaltherrschaft, bürgerliche Republik Ziele der Handlungsträger politisches Handeln in der Revolution Sich positionieren zu liberalen, nationalen und konservativen Ideen und ihrer Umsetzung vom Beginn des Jahrhunderts bis zum Ersten Weltkrieg Perspektivwechsel Reflexionsfähigkeit: Liberalismus zwischen Prinzipientreue und Anpassung Rolle politischer Kräfte in der Revolution / doppelte Frontstellung des Bürgertums, Rolle der Fürsten, Verfassungsentwurf der Paulskirche Haltung von Liberalen und Konservativen im Reichseinigungsprozess",Sachsen,Gym,,2019.0,Geschichte
81,4,0.9660492500662274,"besonders anhand der im Folgenden aufgeführten Inhalte vertiefen. Kompetenzerwartungen Die Schülerinnen und Schüler ... setzen die englische Sprache als Mittel zur authentischen Kommunikation ein und nehmen einen sprachlichen und inhaltlichen Perspektivenwechsel vor. So begreifen sie, dass die Fremdsprache ein Spiegel kultureller Besonderheiten und Unterschiede ist, um historische Phänomene multiperspektivisch zu betrachten und zu erschließen. nutzen ihre historischen Kenntnisse, um faktengestützt Themen",Bayern,Realschule.pdf,,,Geschichte
82,4,0.9660492500662274,"besonders anhand der im Folgenden aufgeführten Inhalte vertiefen. Kompetenzerwartungen Die Schülerinnen und Schüler ... setzen die englische Sprache als Mittel zur authentischen Kommunikation ein und nehmen einen sprachlichen und inhaltlichen Perspektivenwechsel vor. So begreifen sie, dass die Fremdsprache ein Spiegel kultureller Besonderheiten und Unterschiede ist, um historische Phänomene multiperspektivisch zu betrachten und zu erschließen. nutzen ihre historischen Kenntnisse, um faktengestützt Themen",Bayern,Realschule.pdf,,,Geschichte
83,4,0.9660492500662274,"besonders anhand der im Folgenden aufgeführten Inhalte vertiefen. Kompetenzerwartungen Die Schülerinnen und Schüler ... setzen die englische Sprache als Mittel zur authentischen Kommunikation ein und nehmen einen sprachlichen und inhaltlichen Perspektivenwechsel vor. So begreifen sie, dass die Fremdsprache ein Spiegel kultureller Besonderheiten und Unterschiede ist, um historische Phänomene multiperspektivisch zu betrachten und zu erschließen. nutzen ihre historischen Kenntnisse, um faktengestützt Themen",Bayern,Realschule.pdf,,,Geschichte
84,4,0.9672617560211094,"besonders anhand der im Folgenden aufgeführten Inhalte vertiefen. Kompetenzerwartungen Die Schülerinnen und Schüler ... setzen die englische Sprache als Mittel zur authentischen Kommunikation ein und nehmen einen sprachlichen und inhaltlichen Perspektivenwechsel vor, indem sie die Fremdsprache als Spiegel kultureller Besonderheiten und Unterschiede begreifen, um historische Phänomene multiperspektivisch zu betrachten und zu erschließen. nutzen ihre historischen Kenntnisse, um faktengestützt Themen der Jahrgangsstufe",Bayern,Realschule.pdf,,,Geschichte
85,4,0.9660492500662274,"besonders anhand der im Folgenden aufgeführten Inhalte vertiefen. Kompetenzerwartungen Die Schülerinnen und Schüler ... setzen die englische Sprache als Mittel zur authentischen Kommunikation ein und nehmen einen sprachlichen und inhaltlichen Perspektivenwechsel vor. So begreifen sie, dass die Fremdsprache ein Spiegel kultureller Besonderheiten und Unterschiede ist, um historische Phänomene multiperspektivisch zu betrachten und zu erschließen. nutzen ihre historischen Kenntnisse, um faktengestützt Themen",Bayern,Realschule,8,,Geschichte
86,4,0.9660492500662274,"besonders anhand der im Folgenden aufgeführten Inhalte vertiefen. Kompetenzerwartungen Die Schülerinnen und Schüler ... setzen die englische Sprache als Mittel zur authentischen Kommunikation ein und nehmen einen sprachlichen und inhaltlichen Perspektivenwechsel vor. So begreifen sie, dass die Fremdsprache ein Spiegel kultureller Besonderheiten und Unterschiede ist, um historische Phänomene multiperspektivisch zu betrachten und zu erschließen. nutzen ihre historischen Kenntnisse, um faktengestützt Themen",Bayern,Realschule,9,,Geschichte
87,8,0.9713539122517117,der Fremdsprache und verknüpft inhaltliches Lernen mit fremdsprachlichem Lernen. Bilingualer Unterricht im Fach Geschichte bedient sich authentischer Materialien aus dem nichtdeutschen Sprachraum und konfrontiert die Lernenden mit unterschiedlichen kulturellen Deutungsmustern Perspektivwechsel. Die fremdsprachliche Verständigung über historische Inhalte bereitet die Lernenden auf den fachsprachlichen Diskurs mit Menschen aus anderen Ländern vor. Kompetenzbereiche des Faches Abb. : Kompetenzbereiche im Fach Geschichte Historisches Lernen,Hessen,Hauptschule,,2021.0,Geschichte
88,9,0.9704300324298342,"Dialog zwischen den Kulturen zählen dazu. Ein Austausch mit Gleichaltrigen zu fachlichen Themen unterstützt die Auseinandersetzung mit kultureller Vielfalt. Die damit verbundenen Lernprozesse zielen auf das gegenseitige Verstehen, auf bereichernde Perspektivwechsel, auf die Reflexion der eigenen Wahrnehmung und einen toleranten Umgang miteinander ab. Fast alle Unterrichtsinhalte sind geeignet, sie als Gegenstand für bi- oder multilaterale Projekte, Schüleraustausche oder auch virtuelle grenzüberschreitende",MeckPomm,Gym,Sek2,2019.0,Geschichte
89,12,0.5306281830227464,"es Kinder an, über ihre eigenen Ernährungsgewohnheiten im Kontext globaler Vielfalt und Nachhaltigkeit zu reflektieren, wodurch Werte wie Respekt, Toleranz, Offenheit und interkulturelles Bewusstsein gestärkt werden. Dies schult die Fähigkeit, Perspektivwechsel vorzunehmen, Widersprüche und Spannungen auszuhalten und daraus entstehende Konflikte gewaltfrei zu bearbeiten oder das unterschiedliche Verständnis einzelner Werte bei verschiedenen Individuen anzuerkennen. Beitrag zur Leitperspektive BNE: Dieses Thema bietet zahlreiche",Hamburg,,"5,6",2023.0,Bio
90,9,0.35393805064777517,"Handlungsmöglichkeiten werden deskriptive und normative Aussagen unterschieden und in Beziehung gesetzt. Dabei werden die individuelle Perspektive und die Perspektiven einzelner Gruppen in der Gesellschaft eingenommen. Dies fördert die Fähigkeit zum Perspektivwechsel und ermöglicht, den eigenen Toleranzrahmen zu erweitern. Nach der fachlichen Klärung wird unter Einbezug individueller und gesellschaftlich verhandelbarer Werte der eigene Standpunkt argumentativ vertreten. Es geht um strukturelle, informierte und",,Regelschule,,2024.0,Bio
91,1,0.9601445969434279,"Werten und Interessen ab und begründen ihre Entscheidungen. Sachverhalte werden konzeptbezogen eingeordnet: Anhand von Beispielen können Konzepte und Kenntnisse in Zusammenhang gebracht oder Konzepte an Sachverhalten verknüpft werden. Dabei sind Perspektivwechsel und Vernetzung möglich. Kenntnisse und Konzepte werden schließlich zur Lösung fachbezogener Probleme genutzt. Die Lernenden analysieren Alltagserscheinungen und Kontexte nach naturwissenschaftlichen Sachverhalten, strukturieren ihr an Kontexten gewonnenes Wissen, erkennen in",Hessen,Gym,Sek1,2024.0,Bio
92,5,0.9294867254040019,"Lernenden liegen und Lebenssituationen repräsentieren, die Lernmotivation. Lernprozesse finden ihren Ausgangspunkt in Alltagserfahrungen. Auf diesen aufbauend werden die Lernenden an die fachwissenschaftliche Perspektive herangeführt, die angewandt und hinterfragt wird. Dieser Perspektivenwechsel bildet die Voraussetzung für die Entwicklung eines reflektierten grundlegenden Ich-, Natur- und Wissenschaftsverständnisses. Die Lernenden gestalten ihr Wissen angebunden an Sachthemen, erkennen wie dieses Wissen erzeugt wird und bauen im",Hessen,Gym,Sek1,2024.0,Bio
93,3,0.9694443512651804,"Konflikte und Kriege werden in ihrer Wechselwirkung von ökonomischen, ökologischen, regionalen und internationalen, sozialen und kulturellen Aspekten betrachtet. BNE ist dabei keine zusätzliche neue Aufgabe mit neuen Themen, sondern ein Perspektivwechsel mit neuen inhaltlichen Schwerpunkten. Um diesen Bildungsauftrag zu konsolidieren, hat die Kultusministerkonferenz den Orientierungsrahmen für den Lernbereich Globale Entwicklung verabschiedet. Er ist eine Empfehlung, um BNE mit globaler Perspektive fest",MeckPomm,,7-10,2021.0,Bio
94,9,0.9704300324298342,"Dialog zwischen den Kulturen zählen dazu. Ein Austausch mit Gleichaltrigen zu fachlichen Themen unterstützt die Auseinandersetzung mit kultureller Vielfalt. Die damit verbundenen Lernprozesse zielen auf das gegenseitige Verstehen, auf bereichernde Perspektivwechsel, auf die Reflexion der eigenen Wahrnehmung und einen toleranten Umgang miteinander ab. Fast alle Unterrichtsinhalte sind geeignet, sie als Gegenstand für bi- oder multilaterale Projekte, Schüleraustausche oder auch virtuelle grenzüberschreitende",MeckPomm,,7-10,2021.0,Bio
95,3,0.9694443512651804,"Konflikte und Kriege werden in ihrer Wechselwirkung von ökonomischen, ökologischen, regionalen und internationalen, sozialen und kulturellen Aspekten betrachtet. BNE ist dabei keine zusätzliche neue Aufgabe mit neuen Themen, sondern ein Perspektivwechsel mit neuen inhaltlichen Schwerpunkten. Um diesen Bildungsauftrag zu konsolidieren, hat die Kultusministerkonferenz den Orientierungsrahmen für den Lernbereich Globale Entwicklung verabschiedet. Er ist eine Empfehlung, um BNE mit globaler Perspektive fest",MeckPomm,Gym,Sek 2,2022.0,Bio
96,9,0.9704300324298342,"Dialog zwischen den Kulturen zählen dazu. Ein Austausch mit Gleichaltrigen zu fachlichen Themen unterstützt die Auseinandersetzung mit kultureller Vielfalt. Die damit verbundenen Lernprozesse zielen auf das gegenseitige Verstehen, auf bereichernde Perspektivwechsel, auf die Reflexion der eigenen Wahrnehmung und einen toleranten Umgang miteinander ab. Fast alle Unterrichtsinhalte sind geeignet, sie als Gegenstand für bi- oder multilaterale Projekte, Schüleraustausche oder auch virtuelle grenzüberschreitende",MeckPomm,Gym,Sek 2,2022.0,Bio
97,7,0.963333188835078,"adressatengerecht und mit angemessenen Medien und Präsentationsformen fachlich korrekt und überzeugend präsentieren. K Zuhören, hinterfragen bei Diskussionen über naturwissenschaftliche Themen Kernaussagen eigener und fremder Ideen vergleichend darstellen und dabei die Perspektive wechseln. K Kooperieren und im Team arbeiten beim naturwissenschaftlichen Arbeiten im Team Verantwortung für Arbeitsprozesse und Produkte übernehmen und Ziele und Aufgaben sachbezogen aushandeln. Kompetenzbereich Bewertung Schülerinnen und Schüler können",NRW,Hauptschule,,2011.0,Bio
98,7,0.9601447454502974,"korrekt und überzeugend präsentieren. lärung naturwissenschaftlicher Fragestellungen anzentriert zuhören, deren Beiträge zusammenfassen nklarheiten sachbezogen nachfragen. bei Diskussionen über naturwissenschaftliche Themen Kernaussagen eigener und fremder Ideen vergleichend darstellen und dabei die Perspektive wechseln. Partner oder in einer Gruppe gleichberechtigt, zielund zuverlässig arbeiten und dabei unterschiedliche en achten. beim naturwissenschaftlichen Arbeiten im Team Verantwortung für Arbeitsprozesse und Produkte übernehmen und Ziele und Aufgaben",NRW,Hauptschule,,2011.0,Bio
99,3,0.9694443512651804,"Konflikte und Kriege werden in ihrer Wechselwirkung von ökonomischen, ökologischen, regionalen und internationalen, sozialen und kulturellen Aspekten betrachtet. BNE ist dabei keine zusätzliche neue Aufgabe mit neuen Themen, sondern ein Perspektivwechsel mit neuen inhaltlichen Schwerpunkten. Um diesen Bildungsauftrag zu konsolidieren, hat die Kultusministerkonferenz den Orientierungsrahmen für den Lernbereich Globale Entwicklung verabschiedet. Er ist eine Empfehlung, um BNE mit globaler Perspektive fest",MeckPomm,Gym,Sek 1,2022.0,Bio
100,9,0.9704300324298342,"Dialog zwischen den Kulturen zählen dazu. Ein Austausch mit Gleichaltrigen zu fachlichen Themen unterstützt die Auseinandersetzung mit kultureller Vielfalt. Die damit verbundenen Lernprozesse zielen auf das gegenseitige Verstehen, auf bereichernde Perspektivwechsel, auf die Reflexion der eigenen Wahrnehmung und einen toleranten Umgang miteinander ab. Fast alle Unterrichtsinhalte sind geeignet, sie als Gegenstand für bi- oder multilaterale Projekte, Schüleraustausche oder auch virtuelle grenzüberschreitende",MeckPomm,Gym,Sek 1,2022.0,Bio
101,1,0.9618051212663035,"Werten und Interessen ab und begründen ihre Entscheidungen. Sachverhalte werden konzeptbezogen eingeordnet: Anhand von Beispielen können Konzepte und Kenntnisse in Zusammenhang gebracht oder Konzepte an Sachverhalten verknüpft werden. Dabei sind Perspektivwechsel und Vernetzung möglich. Kenntnisse und Konzepte werden schließlich zur Lösung fachbezogener Probleme genutzt. Die Lernenden analysieren Alltagserscheinungen und Kontexte nach naturwissenschaftlichen Sachverhalten, strukturieren ihr an Kontexten gewonnenes Wissen, ordnen verschiedene",Hessen,Realschule,,2024.0,Bio
102,5,0.9294867254040019,"Lernenden liegen und Lebenssituationen repräsentieren, die Lernmotivation. Lernprozesse finden ihren Ausgangspunkt in Alltagserfahrungen. Auf diesen aufbauend werden die Lernenden an die fachwissenschaftliche Perspektive herangeführt, die angewandt und hinterfragt wird. Dieser Perspektivenwechsel bildet die Voraussetzung für die Entwicklung eines reflektierten grundlegenden Ich-, Natur- und Wissenschaftsverständnisses. Die Lernenden gestalten ihr Wissen angebunden an Sachthemen, erkennen wie dieses Wissen erzeugt wird und bauen im",Hessen,Realschule,,2024.0,Bio
103,7,0.963333188835078,"adressatengerecht und mit angemessenen Medien und Präsentationsformen fachlich korrekt und überzeugend präsentieren. K Zuhören, hinterfragen bei Diskussionen über naturwissenschaftliche Themen Kernaussagen eigener und fremder Ideen vergleichend darstellen und dabei die Perspektive wechseln. K Kooperieren und im Team arbeiten beim naturwissenschaftlichen Arbeiten im Team Verantwortung für Arbeitsprozesse und Produkte übernehmen und Ziele und Aufgaben sachbezogen aushandeln. Kompetenzbereich Bewertung Schülerinnen und Schüler können",NRW,Gesamtschule,Sek1,2011.0,Bio
104,7,0.9618053736163472,"der Klärung naturwissenschaftlicher Fragestellungen anderen konzentriert zuhören, deren Beiträge zusammenfassen und bei Unklarheiten sachbezogen nachfragen. bei Diskussionen über naturwissenschaftliche Themen Kernaussagen eigener und fremder Ideen vergleichend darstellen und dabei die Perspektive wechseln. K Kooperieren und im Team arbeiten mit einem Partner oder in einer Gruppe gleichberechtigt, zielgerichtet und zuverlässig arbeiten und dabei unterschiedliche Sichtweisen achten. beim naturwissenschaftlichen Arbeiten im Team Verantwortung",NRW,Gesamtschule,Sek1,2011.0,Bio
105,5,0.5308865127005399,"naturwissenschaftlichen Auseinandersetzungen ermöglicht. Im Biologieunterricht werden Sachverhalte unter biologischen und anderen Gesichtspunkten bewertet. Der Unterricht schließt andere Wissenschaften zum Verständnis der Natur mit ein, fördert die Fähigkeiten zur Abstraktion, zum Perspektivwechsel und zum logischen sowie vernetzten Denken. Er versetzt die Lernenden in die Lage, Auswirkungen menschlichen Handelns zu erfassen, zu bewerten und ihr eigenes Verhalten zu reflektieren. Biologie als Perspektive für",Bremen,,Sek2,2022.0,Bio
106,12,0.592355870550909,"Teilchen aufgebaut, die durch Modelle erschlossen werden können Diskontinuum. Kennzeichen der chemischen und physikalischen Denkweise ist die Deutung der praktisch erfahrbaren, materiellen Welt Kontinuum durch diese Modelle. Die mit dem Perspektivwechsel gewonnene Erklärungskraft wird erst dann deutlich, wenn Beziehungen zwischen den beiden Ebenen hergestellt werden. So lässt sich die Vielfalt der Stoffe mit ihren spezifi schen Eigenschaften auf der Basis unterschiedlicher",Rheinland-Pfalz,,,2014.0,Bio
107,6,0.9647433580318026,"politische, gesellschaftliche, kulturelle und wirtschaftliche Internationalisierung und die größer gewordene kulturelle Vielfalt. Diese Entwicklung fordert und fördert eine verstärkte Verfügbarkeit von interkulturellen Kompetenzen bei Schülerinnen und Schülern, insbesondere durch regelmäßige Perspektivwechsel im Unterricht. Die Lehrpläne für die Gemeinschaftsschule sollen in diesem Sinne dazu beitragen, dass der dem Konzept der Gemeinschaftsschule innewohnende und in der Verordnung über den Bildungsgang und die Abschlüsse",Saarland,GemS,,2014.0,Bio
108,12,0.4404826819391811,"Welches Sprachniveau ist angemessen Bewertung Welche Schritte durchläuft ein Bewertungsprozess Was sind Bewertungskriterien und Handlungsoptionen Wie unterscheiden sich Werte von Normen Wie unterscheiden sich Ethik und Moral Was ist ein Perspektivwechsel Warum ist ein Reflexionsprozess am Ende eines Bewertungsprozesses wichtig Prozessbezogene und inhaltsbezogene Kompetenzen sind gleichberechtigte Bestandteile des Unterrichts und untrennbar miteinander verwoben. Die Kompetenzerweiterung in den Bereichen Erkenntnisgewinnung, Kommunikation und",Schleswig-Holstein,,,,Bio
109,1,0.3507120063683054,"naturwissenschaftlichen Phänomenen und Zusammenhängen. Die Lernenden zeigen naturwissenschaftliche Handlungsfähigkeit, wenn sie bei der Bearbeitung naturwissenschaftlicher Fragestellungen flexibel die Systemebenen wechseln vertikaler einer Naturwissenschaft und zwischen den unterschiedlichen Naturwissenschaften einnehmen horizontaler Perspektivwechsel. Beim Aufbau von vernetztem Wissen entwickeln die Lernenden in besonderem Maße systemisches und multiperspektivisches Denken. Basiskonzepte ermöglichen den Schülerinnen und Schülern auch deshalb eine interdisziplinäre Vernetzung von Wissen, weil die",Berlin,,7-10,2015.0,Bio
110,7,0.9618053993849827,"adressatengerecht und mit angemessenen Medien und Präsentationsformen fachlich korrekt und überzeugend präsentieren. K Zuhören, hinterfragen bei Diskussionen über biologische Themen Kernaussagen eigener und fremder Ideen vergleichend darstellen und dabei die Perspektive wechseln. K Kooperieren und im Team arbeiten beim naturwissenschaftlichen Arbeiten im Team Verantwortung für Arbeitsprozesse und Produkte übernehmen und Ziele und Aufgaben sachbezogen aushandeln. Kompetenzbereich Bewertung Schülerinnen und Schüler können",NRW,Realschule,,2011.0,Bio
111,7,0.9583330638894103,"der Klärung biologischer Fragestellungen anderen konzentriert zuhören, deren Beiträge zusammenfassen und bei Unklarheiten sachbezogen nachfragen. bei Diskussionen über biologische Themen Kernaussagen eigener und fremder Ideen vergleichend darstellen und dabei die Perspektive wechseln. K Kooperieren und im Team arbeiten mit einem Partner oder in einer Gruppe gleichberechtigt, zielgerichtet und zuverlässig arbeiten und dabei unterschiedliche Sichtweisen achten. beim naturwissenschaftlichen Arbeiten im Team Verantwortung",NRW,Realschule,,2011.0,Bio
112,9,0.9672613150405417,"Arbeiten, bereiten sich auf den Umgang mit vielschichtigen und vielgestaltigen Problemen und Themen vor und lernen, mit Phänomenen mehrperspektivisch umzugehen. Interdisziplinarität, Mehrperspektivität Die Schüler entwickeln die Fähigkeit zu Empathie und Perspektivwechsel und lernen, sich für die Rechte und Bedürfnisse anderer einzusetzen. Sie lernen unterschiedliche Positionen und Wertvorstellungen kennen und setzen sich mit ihnen auseinander, um sowohl eigene Positionen einzunehmen als auch",Sachsen,Gym,,2022.0,Bio
113,1,0.9647434481004145,"sowohl eigene Positionen einzunehmen als auch anderen gegenüber Toleranz zu entwickeln. Sie entwickeln interkulturelle Kompetenz, um offen zu sein, sich mit anderen zu verständigen und angemessen zu handeln. Empathie und Perspektivwechsel Die Schüler entwickeln eigene Wertvorstellungen auf der Grundlage der freiheitlichen demokratischen Grundordnung, indem sie Werte im schulischen Alltag erleben, kritisch reflektieren und diskutieren. Dazu gehören insbesondere Erfahrungen der Toleranz, der",Sachsen,Gym,,2022.0,Bio
114,12,0.9236091846904402,"und gonosomal Hybridisierung Genmarker Polymerase-Ketten-Reaktion DNA-Sequenzierung Gelelektrophorese Kennen der Grundlagen der somatischen Gentherapie Transformationsmethoden, Vektoren Stammzellen, Embryonenschutzgesetz Sich positionieren zu Möglichkeiten und Risiken der Gentherapie am Menschen Präimplantationsdiagnostik Empathie und Perspektivwechsel Reflexions- und Diskursfähigkeit Lernbereich : Kommunikation zwischen Zellen Ustd. Anwenden von cytologischen und molekularen Kenntnissen auf die Immunbiologie EF Wechselwirkung, Information Organe des Immunsystems Verantwortungsbereitschaft unspezifische Immunreaktion Infektionsbarrieren, Phagocytose spezifische",Sachsen,Gym,,2022.0,Bio
115,12,0.9236080947094895,"zellulär Nutzung digitaler Medien zur Visualisierung aktive und passive Immunisierung Infektionskrankheiten, Prophylaxe und Therapie von Infektionskrankheiten, Immungedächtnis, Impfungen Einfluss von Internet und von sozialen Medien auf die Impfbereitschaft Empathie und Perspektivwechsel Verantwortungsbereitschaft Anwenden der Kenntnisse über die Nervenzelle auf neurophysiologische Prozesse EF Struktur und Funktion, Information Nutzung digitaler Medien zur Visualisierung Neuron - Ruhe- und Aktionspotenzial Ionenverteilung, Membranpermeabilität Gk , LB",Sachsen,Gym,,2022.0,Bio
116,12,0.9236091846904402,"virale Vermehrungszyklen Transformations- und Transduktionsmethoden transgene Organismen, Vektoren somatische Gentherapie Stammzellenforschung Stammzellen, Embryonenschutzgesetz Sich positionieren zu Möglichkeiten und Risiken der Gentherapie am Menschen Präimplantationsdiagnostik Podiumsdiskussion Reflexions- und Diskursfähigkeit Empathie und Perspektivwechsel Lernbereich : Kommunikation zwischen Zellen Ustd. Anwenden von cytologischen und molekularen Kenntnissen auf die Immunbiologie EF Wechselwirkung, Information Organe des Immunsystems Verantwortungsbereitschaft unspezifische Immunreaktion Infektionsbarrieren, Phagocytose spezifische Immunreaktion humoral, zellulär",Sachsen,Gym,,2022.0,Bio
117,12,0.9236080947094895,"digitaler Medien zur Visualisierung Infektionskrankheiten Hepatitis, AIDS, Tuberkulose Schutz vor Infektionen, Antibiotikaresistenz aktive und passive Immunisierung Immungedächtnis, Impfungen Einfluss von Internet und von sozialen Medien auf die Impfbereitschaft Empathie und Perspektivwechsel Medienbildung Verantwortungsbereitschaft unerwünschte Immunreaktion bei Transplantationen Gewebeunverträglichkeit ETH, Gk, LBW Anwenden der Kenntnisse über die Nervenzelle auf neurophysiologische Prozesse EF Struktur und Funktion, Information Nutzung digitaler Medien zur Visualisierung Verfahren",Sachsen,Gym,,2022.0,Bio
118,1,0.9618051212663035,"Werten und Interessen ab und begründen ihre Entscheidungen. Sachverhalte werden konzeptbezogen eingeordnet: Anhand von Beispielen können Konzepte und Kenntnisse in Zusammenhang gebracht oder Konzepte an Sachverhalten verknüpft werden. Dabei sind Perspektivwechsel und Vernetzung möglich. Kenntnisse und Konzepte werden schließlich zur Lösung fachbezogener Probleme genutzt. Die Lernenden analysieren Alltagserscheinungen und Kontexte nach naturwissenschaftlichen Sachverhalten, strukturieren ihr an Kontexten gewonnenes Wissen, ordnen verschiedene",Hessen,Hauptschule,,2024.0,Bio
119,5,0.9294867254040019,"Lernenden liegen und Lebenssituationen repräsentieren, die Lernmotivation. Lernprozesse finden ihren Ausgangspunkt in Alltagserfahrungen. Auf diesen aufbauend werden die Lernenden an die fachwissenschaftliche Perspektive herangeführt, die angewandt und hinterfragt wird. Dieser Perspektivenwechsel bildet die Voraussetzung für die Entwicklung eines reflektierten grundlegenden Ich-, Natur- und Wissenschaftsverständnisses. Die Lernenden gestalten ihr Wissen angebunden an Sachthemen, erkennen wie dieses Wissen erzeugt wird und bauen im",Hessen,Hauptschule,,2024.0,Bio
120,6,0.9647433580318026,"politische, gesellschaftliche, kulturelle und wirtschaftliche Internationalisierung und die größer gewordene kulturelle Vielfalt. Diese Entwicklung fordert und fördert eine verstärkte Verfügbarkeit von interkulturellen Kompetenzen bei Schülerinnen und Schülern, insbesondere durch regelmäßige Perspektivwechsel im Unterricht. Die Lehrpläne für die Gemeinschaftsschule sollen in diesem Sinne dazu beitragen, dass der dem Konzept der Gemeinschaftsschule innewohnende und in der Verordnung über den Bildungsgang und die Abschlüsse",Saarland,GemS,"9,10",2016.0,Bio
121,12,0.675933629448673,"Schülerinnen und Schüler betrifft. Die Präimplantationsdiagnostik als gesellschaftspolitisch besonders kontrovers diskutiertes Thema der letzten Jahre ermöglicht im Rahmen dieses Themenfelds das Einüben des Umgangs mit Werten und Normen und einen Perspektivwechsel. Im Themenfeld Genetik kommen die folgenden Basiskonzepte besonders zum Tragen: Struktur und Funktion: z. B. Bau der DNA als Grundlage der Replikation, Steuerung und Regelung: Enzymatische Steuerung der DNA-Replikation, Individuelle",Saarland,Gym,Sek2,2024.0,Bio
122,3,0.9694443512651804,"Konflikte und Kriege werden in ihrer Wechselwirkung von ökonomischen, ökologischen, regionalen und internationalen, sozialen und kulturellen Aspekten betrachtet. BNE ist dabei keine zusätzliche neue Aufgabe mit neuen Themen, sondern ein Perspektivwechsel mit neuen inhaltlichen Schwerpunkten. Um diesen Bildungsauftrag zu konsolidieren, hat die Kultusministerkonferenz den Orientierungsrahmen für den Lernbereich Globale Entwicklung verabschiedet. Er ist eine Empfehlung, um BNE mit globaler Perspektive fest",MeckPomm,,"5,6",2022.0,Bio
123,9,0.9704300324298342,"Dialog zwischen den Kulturen zählen dazu. Ein Austausch mit Gleichaltrigen zu fachlichen Themen unterstützt die Auseinandersetzung mit kultureller Vielfalt. Die damit verbundenen Lernprozesse zielen auf das gegenseitige Verstehen, auf bereichernde Perspektivwechsel, auf die Reflexion der eigenen Wahrnehmung und einen toleranten Umgang miteinander ab. Fast alle Unterrichtsinhalte sind geeignet, sie als Gegenstand für bi- oder multilaterale Projekte, Schüleraustausche oder auch virtuelle grenzüberschreitende",MeckPomm,,"5,6",2022.0,Bio
124,4,0.9294840393319429,"auf ein gutes Leben erhalten. Neben der Vermittlung von Kenntnissen im Fachunterricht können übergeordnete Fragestellungen, insbesondere im fächerverbindenden Projekt-Unterricht, interdisziplinär von den Schülerinnen und Schülern bearbeitet werden und somit den Perspektivwechsel und nachhaltiges Handeln fördern. Leben und Lernen in einer digital geprägten Welt D Ziel der digitalen Bildung ist es, die Schülerinnen und Schüler bestmöglich auf die Herausforderungen im digitalen Berufs-",Hamburg,,Sek2,2024.0,Psychologie
125,12,0.8981460327638379,"können so durch Nutzung psychologischer Theorien und Methoden zur Lösung von Alltagsproblemen beitragen. Die Schülerinnen und Schüler werden befähigt, Strategien zur Selbsterkenntnis und Selbstorganisation einzusetzen, Selbstbewusstsein zu entwickeln und einen Perspektivwechsel in Bezug auf die eigene Person vorzunehmen. Dabei sind kommunikative und kooperative Fähigkeiten erforderlich. Am Ende der Qualifikationsphase können die Schülerinnen und Schüler in der Regel Handlungsalternativen bezüglich der Kontrolle",Sachsen-Anhalt,Gym,,2024.0,Psychologie
126,4,0.9294840393319429,"ein gutes Leben erhalten. Neben der Vermittlung von Kenntnissen im Fachunterricht können übergeordnete Fragestellungen, insbesondere im fächerverbindenden Projekt-Unterricht, interdisziplinär von den Schülerinnen und Schülern bearbeitet werden und fördern somit den Perspektivwechsel und nachhaltiges Handeln. Leben und Lernen in einer digital geprägten Welt D Ziel der digitalen Bildung ist es, die Schülerinnen und Schüler bestmöglich auf die Herausforderungen im digitalen Berufs- und",Hamburg,,Sek1,2024.0,Psychologie
127,8,0.9647434582895964,"Zugänge zu ihr zu beschreiben und die jeweiligen Beziehungen zu reflektieren. Daraus leitet sich die Aufgabe des gesellschaftswissenschaftlichen Unterrichts ab, den Schüler zunehmend zum vernetzten Denken zu befähigen und zum Perspektivwechsel anzuregen. Im Sinne der Normen und Werte des Grundgesetzes lernt der Schüler, kulturelle Prägungen, Überzeugungen und Zugehörigkeiten zu verstehen und zu tolerieren. Der Unterricht zielt gleichermaßen auf den Erwerb fachspezifischer",Thüringen,Gym,,2012.0,Sozialkunde
128,8,0.9722219418043503,Fremdsprache und verknüpft inhaltliches Lernen mit fremdsprachlichem Lernen. Bilingualer Unterricht in Politik und Wirtschaft bedient sich authentischer Materialien aus dem nichtdeutschen Sprachraum und konfrontiert die Lernenden mit unterschiedlichen kulturellen Deutungsmustern Perspektivwechsel. Die fremdsprachliche Verständigung über politische und ökonomische Inhalte bereitet die Lernenden auf den fachsprachlichen Diskurs mit Menschen aus anderen Ländern vor. Kompetenzbereiche des Faches Abb. : Kompetenzbereiche des Faches Politik,Hessen,Hauptschule.pdf,,,Sozialkunde
129,6,0.9647433747982429,"mitarbeiten und hierbei den Gruppenprozess so gestalten, dass die unterschiedlichen Meinungen in der Gruppenarbeit berücksichtigt werden, Möglichkeiten zur politischen Gestaltung und Einflussnahme unter Berücksichtigung zumindest einer Handlungsalternative im Sinne von Perspektivwechsel formulieren und vertreten, sich in politischen Auseinandersetzungen reflektiert mit sozialer, geschlechtsspezifischer und kultureller Differenz auseinandersetzen und einen an den Menschen und Grundrechten orientierten Standpunkt im Sinne von Zivilcourage auch gegen",Hessen,Hauptschule.pdf,,,Sozialkunde
130,6,0.9618053020883335,"mitarbeiten und hierbei den Gruppenprozess so gestalten, dass die unterschiedlichen Meinungen in der Gruppenarbeit berücksichtigt werden, Möglichkeiten zur politischen Gestaltung und Einflussnahme unter Berücksichtigung zumindest einer Handlungsalternative im Sinne von Perspektivwechsel formulieren und vertreten, rgangsstufe Sachunterricht Bildungsstandards am Ende der Jahrgangsstufe HSA sich in politischen Auseinandersetzungen reflektiert mit sozialer, geschlechtsspezifischer und kultureller Differenz auseinandersetzen und einen an den Menschen- und Grundrechten",Hessen,Hauptschule.pdf,,,Sozialkunde
131,6,0.9633331222053314,"Bezug auf einen politischen oder ökonomischen Konflikt im Ergebnis der Gruppenarbeit berücksichtigt werden. g und umindest Perspek Möglichkeiten zur politischen Gestaltung und Einflussnahme unter Berücksichtigung verschiedener Handlungsalternativen im Sinne von Perspektivwechsel formulieren und vertreten, n reflektiert mit sozialer, geschlechtsspezifischer und kultureller Differenz auseinandersetzen und einen an den Menschenkt im Sinne von Zivilcourage auch gegen Widerstände einnehmen, und Ökoftliche rationalen et im",Hessen,Hauptschule.pdf,,,Sozialkunde
132,6,0.9647433580318026,"politische, gesellschaftliche, kulturelle und wirtschaftliche Internationalisierung und die größer gewordene kulturelle Vielfalt. Diese Entwicklung fordert und fördert eine verstärkte Verfügbarkeit von interkulturellen Kompetenzen bei Schülerinnen und Schülern, insbesondere durch regelmäßige Perspektivwechsel im Unterricht. Die Lehrpläne für die Gemeinschaftsschule sollen in diesem Sinne dazu beitragen, dass der dem Konzept der Gemeinschaftsschule innewohnende und in der Verordnung über den Bildungsgang und die Abschlüsse",Saarland,Gemeinschaftsschule,,2014.0,Sozialkunde
133,8,0.9722219418043503,Fremdsprache und verknüpft inhaltliches Lernen mit fremdsprachlichem Lernen. Bilingualer Unterricht in Politik und Wirtschaft bedient sich authentischer Materialien aus dem nichtdeutschen Sprachraum und konfrontiert die Lernenden mit unterschiedlichen kulturellen Deutungsmustern Perspektivwechsel. Die fremdsprachliche Verständigung über politische und ökonomische Inhalte bereitet die Lernenden auf den fachsprachlichen Diskurs mit Menschen aus anderen Ländern vor. Kompetenzbereiche des Faches Abb. : Kompetenzbereiche des Faches Politik,Hessen,Realschule.pdf,,,Sozialkunde
134,6,0.970429895420764,"dass die unterschiedlichen Perspektiven in Bezug auf einen politischen oder ökonomischen Konflikt in der Gruppenarbeit berücksichtigt werden, Möglichkeiten zur politischen Gestaltung und Einflussnahme unter Berücksichtigung verschiedener Handlungsalternativen im Sinne von Perspektivwechsel formulieren und vertreten, sich in politischen Auseinandersetzungen reflektiert mit sozialer, geschlechtsspezifischer und kultureller Differenz auseinandersetzen und einen an den Menschen und Grundrechten orientierten Standpunkt im Sinne von Zivilcourage auch gegen",Hessen,Realschule.pdf,,,Sozialkunde
135,6,0.9694442158045632,"dass die unterschiedlichen Perspektiven in Bezug auf einen politischen oder ökonomischen Konflikt in der Gruppenarbeit berücksichtigt werden, Möglichkeiten zur politischen Gestaltung und Einflussnahme unter Berücksichtigung verschiedener Handlungsalternativen im Sinne von Perspektivwechsel formulieren und vertreten, sich in politischen Auseinandersetzungen reflektiert mit sozialer, geschlechtsspezifischer und kultureller Differenz auseinandersetzen und einen an den Menschen- und Grundrechten orientierten Standpunkt im Sinne von Zivilcou rgangsstufe Sachunterricht",Hessen,Realschule.pdf,,,Sozialkunde
136,6,0.9633331222053314,"in Bezug auf einen politischen oder ökonomischen Konflikt in der Gruppenarbeit berücksichtigt werden, g und Einndest eierspek Möglichkeiten zur politischen Gestaltung und Einflussnahme unter Berücksichtigung verschiedener Handlungsalternativen im Sinne von Perspektivwechsel formulieren und vertreten, n reflektiert mit sozialer, geschlechtsspezifischer und kultureller Differenz auseinandersetzen und einen an den Menschenkt im Sinne von Zivilcourage auch gegen Widerstände einnehmen, und Ökoftliche rationalen et im",Hessen,Realschule.pdf,,,Sozialkunde
137,3,0.9618053769104215,"oder soziale Konflikte und Kriege werden in ihrer Wechselwirkung von ökonomischen, ökologischen, regionalen und internationalen, sozialen und kulturellen Aspekten betrachtet. BNE ist dabei keine zusätzliche neue Aufgabe, sondern beinhaltet einen Perspektivwechsel mit neuen inhaltlichen Schwerpunkten. Unterstützung und Orientierung gibt der Orientierungsrahmen für den Lernbereich Globale Entwicklung von KMK und BMZ herausgegeben https://www.kmk.org/fileadmin/veroeffentlichung enbeschluesse//-Orientierungsrahmen-Globale-Entwicklung.pdf, der Empfehlungen für die Entwicklung von Lehr- und",MeckPomm,,Sek1,2023.0,Sozialkunde
138,9,0.9694443638094425,"und den Dialog zwischen den Kulturen. Ein Austausch mit Gleichaltrigen zu fachlichen Themen unterstützt die Auseinandersetzung mit kultureller Vielfalt. Die damit verbundenen Lernprozesse zielen auf das gegenseitige Verstehen, auf bereichernde Perspektivwechsel, auf die Reflexion der eigenen Wahrnehmung und einen toleranten Umgang miteinander ab. Fast alle Unterrichtsinhalte sind geeignet, sie als Gegenstand für bi- oder multilaterale Projekte, Schüleraustausche oder auch virtuelle grenzüberschreitende",MeckPomm,,Sek1,2023.0,Sozialkunde
139,12,0.9345222715728108,"Empirie wie quantitative und qualitative Verfahrensweisen anwenden und sich kritisch mit den jeweiligen Zielsetzungen auseinandersetzen, - Interviews durchführen und diese mit Interviewleitfäden vorbereiten, - mit der Methode der teilnehmender Beobachtung Perspektivenwechsel vornehmen, - ihre Untersuchungsergebnisse in unterschiedlichen Formen und in unterschiedlichen Zusammenhängen, auch in der Öffentlichkeit, präsentieren, - projekt- und produktorientiert arbeiten. Anforderungsniveau für den Leistungskurs Die oben angeführten Standards beschreiben",Bremen,Gym,Sek2,2009.0,Sozialkunde
140,3,0.8472185097678666,Rahmen von Projektarbeiten und Wettbewerben. In Jahrgangsstufe erwerben die Schülerinnen und Schüler zunächst alltagsrelevante Kompetenzen im Zusammenhang mit Entscheidungen beim Konsum und beim Umgang mit Geld. Im Anschluss erfolgt der Perspektivwechsel vom Konsumenten zum Unternehmer. Unternehmerische Entscheidungssituationen werden hier unter vertiefter Betrachtung arbeitsteiliger Prozesse im Unternehmen sowie des Kernprozesses Marketing analysiert und beurteilt. Im letzten Lernbereich erwerben die Schülerinnen und Schüler,Bayern,Gym,,,Sozialkunde
141,11,0.9083318852182254,"Kindern auch als politisch gesetzte erkennen, die Rechte und Pflichten von Jugendlichen als Konsumenten sowie die Grenzen und Möglichkeiten des Vertragsrechts erkennen. Die Schülerinnen und Schüler stärken ihre Fähigkeit zu Perspektivenwechsel und Partizipation, indem sie ihre Rolle in der Familie und in ihrem sozialen Umfeld definieren und sich dabei mit anderen in Vergleich setzen, auf ihre soziale Umwelt z. B. Familie,",Berlin,Gym,Sek2,,Sozialkunde
142,11,0.9294859523201041,"die problemorientierte Analyse struktureller Bedingungen und institutioneller Ordnungen sozialen Handelns in Gesellschaft, Wirtschaft, Politik und Recht. Urteils- und Orientierungskompetenz Voraussetzung und gleichsam auch Folge sozialwissenschaftlichen Analysierens ist die Fähigkeit zum Perspektivenwechsel und damit die Loslösung aus der Selbstbezogenheit. In einer pluralistischen, demokratischen Gesellschaft sollen alle Bürgerinnen und Bürger in der Lage sein, den Anderen anders sein zu lassen. Der Unterricht soll",Berlin,Gym,Sek2,,Sozialkunde
143,5,0.92948609410964,"wandelbar wahr und gehen davon aus, dass Wertvorstellungen zeitbezogen und von der Gesellschaft geprägt sind, erkennen eigene und andere Positionen auch als interessengeleitet, vollziehen in politischen Kontroversen und sozialen Situationen Perspektivenwechsel, bewerten die Qualität und Aussagekraft von Quellen. Abschlussorientierte Standards Am Ende der Qualifikationsstufe verfügen die Schülerinnen und Schüler über grundlegende sozialwissenschaftliche Analyse-, Methoden- sowie Urteils- und Orientierungskompetenzen, die in den",Berlin,Gym,Sek2,,Sozialkunde
144,12,0.49054110569674847,"unterschiedlicher kultureller Herkunft als soziokulturelle Konstruktion erkennen, das Geschlecht auch als gesellschaftliche Konstruktion erkennen. Indem die Schülerinnen und Schüler ihr Rollenhandeln reflektieren, nehmen sie die Handlungsperspektiven anderer wahr Fähigkeit zum Perspektivenwechsel und werden konfliktfähiger Konfliktfähigkeit. Die Schülerinnen und Schüler wenden mit der soziometrischen Methode eine soziologische Methode an oder nehmen das Experiment als mögliche Fachmethode wahr sozialwissenschaftliche Analysekompetenz. Die Schülerinnen und",Berlin,Gym,Sek2,,Sozialkunde
145,12,0.898146035160229,"die politische Urteilsfähigkeit geschult. Durch den Vergleich von Keynesianismus und Neoklassik üben sich die Schülerinnen und Schüler im Gebrauch sozialwissenschaftlicher Begriffe und Methoden sozialwissenschaftliches Analysieren und in der Fähigkeit zum Perspektivenwechsel. Indem die Schülerinnen und Schüler Widersprüche zwischen einzel- und gesamtwirtschaftlich rationalem Verhalten und Fehlallokationen aufgrund nicht vom Markt bewerteter externer Effekte feststellen, nehmen sie unterschiedliche Handlungsperspektiven wahr Fähigkeit zur Perspektivenübernahme",Berlin,Gym,Sek2,,Sozialkunde
146,12,0.5138507713533756,"Inhalte Steuerung durch Recht Norm, Wirklichkeit, Moral; juristische Argumentation, Rechtssysteme Menschenrechte Recht zwischen Staat und Bürger Recht im Bürger-Bürger-Verhältnis Kompetenzerwerb im Themenfeld Die Schülerinnen und Schüler stärken ihre Fähigkeit zum Perspektivenwechsel, indem sie unterschiedliche Steuerungsfunktionen des Rechts kennen lernen. Die Wahrnehmung der fundamentalen Bedeutung der Menschenrechte verstärkt die Konfliktfähigkeit und Handlungsbereitschaft in schwierigen Situationen. Die Erarbeitung wichtiger Beispiele im Rechtsverhältnis von",Berlin,Gym,Sek2,,Sozialkunde
147,12,0.5609094803249747,"die wahrgenommene Überkomplexität differenzierter Zustände in verschiedenen Regionen der Welt bei gleichzeitiger Ungleichzeitigkeit gedanklich zu reduzieren. Die Schülerinnen und Schüler erweitern neben einer Vertiefung ihrer sozialwissenschaftlichen Analysekompetenz ihre Fähigkeit zum Perspektivenwechsel und zum politischen Urteil bei der Wahrnehmung unterschiedlicher Kommunikations- und Machtsysteme in der Welt sowie ihrer wechselseitigen Verzahnung. B Herausforderungen in der globalisierten Welt Inhalte demografische Entwicklung Nachhaltigkeit Umwelt, Rohstoffversorgung",Berlin,Gym,Sek2,,Sozialkunde
148,10,0.9294865349860678,"im Themenfeld Die Schülerinnen und Schüler begreifen Probleme in der globalisierten Welt Umweltschäden und Ressourcenmangel, Bevölkerungsentwicklung, Fundamentalismus und neue Formen von Krieg und verbessern damit ihre Fähigkeiten zur Konfliktbewältigung, zum Perspektivenwechsel und politischen Urteil. Dadurch kann auch ihre Handlungsbereitschaft bei der Problemlösung in gesellschaftlichen und politischen Initiativen geweckt bzw. gestärkt werden. Das gilt ebenfalls für die Fragen, mit welchen Handlungsimpulsen Deutsche",Berlin,Gym,Sek2,,Sozialkunde
149,5,0.9563485960297904,"verschiedenen Sachverhalten ein eigenes reflektiertes Urteil und begründen eigene Urteile sprachlich nachvollziehbar, vertreten in der Auseinandersetzung mit anderen Positionen ihr eigenes Urteil argumentativ, vollziehen in politischen Kontroversen und sozialen Situationen Perspektivenwechsel und vertreten probeweise eine andere als die eigene Meinung z. B. in einer spielerischen Lernsituation: simulative Methoden, sind in der Lage, ihre eigene Position als geschichtlich bestimmte zu erkennen, haben",Berlin,Gym,Sek2,,Sozialkunde
150,8,0.9583331712720284,"Zugänge zu ihr zu beschreiben und die jeweiligen Beziehungen zu reflektieren. Daraus leitet sich die Aufgabe des gesellschaftswissenschaftlichen Unterrichts ab, den Schüler zunehmend zum vernetzten Denken zu befähigen und zum Perspektivwechsel anzuregen. Im Sinne der Normen und Werte des Grundgesetzes lernt der Schüler kulturelle Prägungen, Überzeugungen und Zugehörigkeiten zu verstehen und zu tolerieren. Aus Gründen einer besseren Lesbarkeit gelten Personenbezeichnungen im",Thüringen,Regelschule,,2012.0,Sozialkunde
151,8,0.9647434582895964,"Zugänge zu ihr zu beschreiben und die jeweiligen Beziehungen zu reflektieren. Daraus leitet sich die Aufgabe des gesellschaftswissenschaftlichen Unterrichts ab, den Schüler zunehmend zum vernetzten Denken zu befähigen und zum Perspektivwechsel anzuregen. Im Sinne der Normen und Werte des Grundgesetzes lernt der Schüler kulturelle Prägungen, Überzeugungen und Zugehörigkeiten zu verstehen und zu tolerieren. Der Unterricht zielt gleichermaßen auf den Erwerb fachspezifischer",Thüringen,Regelschule,,2012.0,Sozialkunde
152,9,0.8854137745558526,"Exklusion, Separation, Integration und Inklusion unterscheiden, - die UN-Konvention über die Rechte von Menschen mit Behinderungen, Art. , wiedergeben, - Beispiele gelingender Inklusion beschreiben. Methodenkompetenz Der Schüler kann - durch Perspektivenwechsel sein Umfeld auf Barrierefreiheit überprüfen, - anhand von Fallbeispielen Heterogenität als Bereicherung der Gesellschaft erfassen. Selbst- und Sozialkompetenz Der Schüler kann - eigenes Handeln im Umgang mit Heterogenität reflektieren, -",Thüringen,Regelschule,,2012.0,Sozialkunde
153,9,0.8854137745558526,"erklären, - Diversität und Heterogenität beschreiben, - die UN-Konvention über die Rechte von Menschen mit Behinderungen, Art. , erläutern, - Beispiele gelingender Inklusion analysieren. Methodenkompetenz Der Schüler kann - durch Perspektivenwechsel sein Umfeld auf Barrierefreiheit überprüfen, - anhand von Fallbeispielen Heterogenität als Bereicherung der Gesellschaft erfassen. Selbst- und Sozialkompetenz Der Schüler kann - eigenes Handeln im Umgang mit Heterogenität reflektieren, -",Thüringen,Regelschule,,2012.0,Sozialkunde
154,3,0.9694443512651804,"Konflikte und Kriege werden in ihrer Wechselwirkung von ökonomischen, ökologischen, regionalen und internationalen, sozialen und kulturellen Aspekten betrachtet. BNE ist dabei keine zusätzliche neue Aufgabe mit neuen Themen, sondern ein Perspektivwechsel mit neuen inhaltlichen Schwerpunkten. Um diesen Bildungsauftrag zu konsolidieren, hat die Kultusministerkonferenz den Orientierungsrahmen für den Lernbereich Globale Entwicklung verabschiedet. Er ist eine Empfehlung, um BNE mit globaler Perspektive fest",MeckPomm,,"5,6",,Sozialkunde
155,9,0.9704300324298342,"Dialog zwischen den Kulturen zählen dazu. Ein Austausch mit Gleichaltrigen zu fachlichen Themen unterstützt die Auseinandersetzung mit kultureller Vielfalt. Die damit verbundenen Lernprozesse zielen auf das gegenseitige Verstehen, auf bereichernde Perspektivwechsel, auf die Reflexion der eigenen Wahrnehmung und einen toleranten Umgang miteinander ab. Fast alle Unterrichtsinhalte sind geeignet, sie als Gegenstand für bi- oder multilaterale Projekte, Schüleraustausche oder auch virtuelle grenzüberschreitende",MeckPomm,,"5,6",,Sozialkunde
156,12,0.9460778691933706,"und Ideen für mögliche Lösungsansätze zu entwickeln. Um dies zu erreichen, steht auf Grundlage einer Sachkompetenz die Beurteilungskompetenz im Vordergrund. Wesentlich bei der Beurteilung ist, dass Schülerinnen und Schüler einen Perspektivwechsel vollziehen, durch verschiedene Sichtweisen unterschiedliche Zugänge zu den Themen finden und auch aus einer jeweils anderen Sichtweise argumentieren. Dadurch leistet das Themenfeld einen wichtigen Beitrag zur Friedenserziehung - einer Aufgabe,",Saarland,Gemeinschaftsschule,"9,10",2022.0,Sozialkunde
157,8,0.9647434582895964,"Zugänge zu ihr zu beschreiben und die jeweiligen Beziehungen zu reflektieren. Daraus leitet sich die Aufgabe des gesellschaftswissenschaftlichen Unterrichts ab, den Schüler zunehmend zum vernetzten Denken zu befähigen und zum Perspektivwechsel anzuregen. Im Sinne der Normen und Werte des Grundgesetzes lernt der Schüler kulturelle Prägungen, Überzeugungen und Zugehörigkeiten zu verstehen und zu tolerieren. Der Unterricht zielt gleichermaßen auf den Erwerb fachspezifischer",Thüringen,Gym,,2012.0,Sozialkunde
158,6,0.9647433580318026,"politische, gesellschaftliche, kulturelle und wirtschaftliche Internationalisierung und die größer gewordene kulturelle Vielfalt. Diese Entwicklung fordert und fördert eine verstärkte Verfügbarkeit von interkulturellen Kompetenzen bei Schülerinnen und Schülern, insbesondere durch regelmäßige Perspektivwechsel im Unterricht. Die Lehrpläne für die Gemeinschaftsschule sollen in diesem Sinne dazu beitragen, dass der dem Konzept der Gemeinschaftsschule innewohnende und in der Verordnung über den Bildungsgang und die Abschlüsse",Saarland,Gemeinschaftsschule,"9,10",2015.0,Sozialkunde
159,7,0.9166660258001206,"Außerschulische Lernorte Haus der Geschichte Bonn Projektideen Rollenspiele zum Verhältnis Unternehmer - Verbraucher Debatte zu einem bundespolitischen Thema u. a. auch fächerverbindend zum Thema Argumentieren im Fach Deutsch Berufsorientierende Aspekte Perspektivwechsel: Arbeitnehmer, Arbeitgeber e o at e u d e te So a u de Ziel der Beschäftigung mit rassistischen oder extremistischen Bedrohungen ist es, den Schülerinnen und Schülern wesentliche Werte",Saarland,Gemeinschaftsschule,"9,10",2015.0,Sozialkunde
160,12,0.9427078673233347,"Institutionen kommt dabei eine besondere Bedeutung zu. Um dies zu erreichen, steht auf Grundlage einer Sachkompetenz die Beurteilungskompetenz im Vordergrund. Wesentlich bei der Beurteilung ist, dass Schülerinnen und Schüler einen Perspektivwechsel vollziehen, durch verschiedene Sichtweisen unterschiedliche Zugänge zu den Themen finden und auch aus einer jeweils anderen Sichtweise argumentieren. Dadurch leistet das Themenfeld einen wichtigen Beitrag zur Friedenserziehung - einer Aufgabe,",Saarland,Gemeinschaftsschule,"9,10",2015.0,Sozialkunde
161,12,0.7968938987326433,"IN DER ZUKÜNFTIGEN WELT Themenvorschläge Leitfragen Methoden DIGITALISIERUNG Welchen Raum können digitale Systeme künftig in unserer Gesellschaft einnehmen Wandel durch Digitalisierung - wohin geht die Reise Szenarien entwickeln Zukunftswerkstatt Rollenspiele Perspektivwechsel Lektüre Ausstellung SOLIDARITÄT UND MENSCHENRECHTE Wie kann eine Gesellschaft diskriminierungsfreie Entfaltung der individuellen Persönlichkeiten gewährleisten Allgemeine Hinweise - Bildung für nachhaltige Entwicklung und die Nachhaltigkeitsziele d LEHRPLAN GESELLSCHAFTSLEHRE, Sekundarstufe I,",Rheinland-Pfalz,,Sek1,2022.0,Sozialkunde
162,12,0.9236094222239353,"ein friedliches Austragen politischer Konflikte kennen und beachten lernen sowie die Bereitschaft entwickeln, Kritik aufzunehmen und zu verarbeiten. Die Thematisierung unterschiedlicher Lebensformen und Vorstellungen sowie der immer wieder zu leistende Perspektivenwechsel tragen zur Herausbildung von Empathie und Toleranz auf der Basis eines gesicherten Wertefundaments bei. Dem Bezug zur Lebenswelt der Schülerinnen und Schüler kommt im Fach Politik und Gesellschaft eine ganz",Bayern,Gym,,,Sozialkunde
163,8,0.9647434582895964,"Zugänge zu ihr zu beschreiben und die jeweiligen Beziehungen zu reflektieren. Daraus leitet sich die Aufgabe des gesellschaftswissenschaftlichen Unterrichts ab, den Schüler zunehmend zum vernetzten Denken zu befähigen und zum Perspektivwechsel anzuregen. Im Sinne der Normen und Werte des Grundgesetzes lernt der Schüler, kulturelle Prägungen, Überzeugungen und Zugehörigkeiten zu verstehen und zu tolerieren. Der Unterricht zielt gleichermaßen auf den Erwerb fachspezifischer",Thüringen,Regelschule,,2013.0,Sozialkunde
164,12,0.9166648094682882,"rationales Austragen politischer Konflikte und entwickeln dabei die Bereitschaft, konstruktive Kritik zu äußern und anzunehmen sowie Kompromisse einzugehen. Die Thematisierung unterschiedlicher Lebensformen und Vorstellungen sowie der immer wieder zu leistende Perspektivenwechsel tragen zur Herausbildung von Empathie und Toleranz bei. Kompetenzorientierung im Fach Politik und Gesellschaft Kompetenzstrukturmodell Die Schülerinnen und Schüler lernen zwischen Fakten und Meinungen zu unterscheiden und werden auf ihrem",Bayern,Realschule,10,2023.0,Sozialkunde
165,8,0.9722219418043503,Fremdsprache und verknüpft inhaltliches Lernen mit fremdsprachlichem Lernen. Bilingualer Unterricht in Politik und Wirtschaft bedient sich authentischer Materialien aus dem nichtdeutschen Sprachraum und konfrontiert die Lernenden mit unterschiedlichen kulturellen Deutungsmustern Perspektivwechsel. Die fremdsprachliche Verständigung über politische und ökonomische Inhalte bereitet die Lernenden auf den fachsprachlichen Diskurs mit Menschen aus anderen Ländern vor. Kompetenzbereiche des Faches Abb. : Kompetenzbereiche des Faches Politik,Hessen,Gym,Sek1,,Sozialkunde
166,6,0.970429895420764,"dass die unterschiedlichen Perspektiven in Bezug auf einen politischen oder ökonomischen Konflikt in der Gruppenarbeit berücksichtigt werden, Möglichkeiten zur politischen Gestaltung und Einflussnahme unter Berücksichtigung verschiedener Handlungsalternativen im Sinne von Perspektivwechsel formulieren und vertreten, sich in politischen Auseinandersetzungen reflektiert mit sozialer, geschlechtsspezifischer und kultureller Differenz auseinandersetzen und einen an den Menschen und Grundrechten orientierten Standpunkt im Sinne von Zivilcourage auch gegen",Hessen,Gym,Sek1,,Sozialkunde
167,6,0.9672616119258984,"dass die unterschiedlichen Perspektiven in Bezug auf einen politischen oder ökonomischen Konflikt in der Gruppenarbeit berücksichtigt werden, Möglichkeiten zur politischen Gestaltung und Einflussnahme unter Berücksichtigung verschiedener Handlungsalternativen im Sinne von Perspektivwechsel formulieren und vertreten, rgangsstufe Sachunterricht Lernzeitbezogene Kompetenzerwartungen am Ende der Jahrgangsstufe / ÜSekII sich in politischen Auseinandersetzungen reflektiert mit sozialer, geschlechtsspezifischer und kultureller Differenz auseinandersetzen und einen an den Menschen-",Hessen,Gym,Sek1,,Sozialkunde
168,6,0.9633331222053314,"in Bezug auf einen politischen oder ökonomischen Konflikt in der Gruppenarbeit berücksichtigt werden, g und Einndest eierspek Möglichkeiten zur politischen Gestaltung und Einflussnahme unter Berücksichtigung verschiedener Handlungsalternativen im Sinne von Perspektivwechsel formulieren und vertreten, n reflektiert mit sozialer, geschlechtsspezifischer und kultureller Differenz auseinandersetzen und einen an den Menschenkt im Sinne von Zivilcourage auch gegen Widerstände einnehmen, und Ökoftliche rationalen et im",Hessen,Gym,Sek1,,Sozialkunde
169,10,0.5926912587999263,"Wahlpflichtfach, auch wenn es fachübergreifend angelegt ist, orientiert sich an den fachbezogenen Standards. Die Anforderungen für die jeweiligen Jahrgangsstufen werden im schulinternen Curriculum festgelegt. . Mündig handeln Eigene Interessen vertreten Perspektivwechsel vornehmen Konflikte austragen Politisch entscheiden Die Schülerinnen und Schüler können D eigene Interessen und Positionen in politischen Fragen sachlich vor anderen vertreten und begründen Positionen darstellen, die mit ihrer eigenen",Berlin,,7-10,,Sozialkunde
170,10,0.9541662225545989,"indem sie nach Zielen, Begründungen und Interessensbindungen fragen; - kontroverse Positionen im aktuellen politischen Geschehen nach impliziten Werthaltungen, verfolgten Interessen der Beteiligten und möglichen Auswirkungen untersuchen; - in politischen Kontroversen Perspektivwechsel vollziehen; - eigene politische Positionen sachlich begründen und argumentativ vertreten; - geeignete Handlungsstrategien anwenden, um sich an der Gestaltung des Schullebens und am politischen, gesellschaftlichen und wirtschaftlichen Leben zu beteiligen;",Bremen,Gym,Sek2,2008.0,Sozialkunde
171,6,0.5306801721294666,"die Auseinandersetzung mit einem politischen oder wirtschaftlichen Dilemma, Problem oder Konflikt nicht auf der Analyseebene stehen bleibt. Die Lernenden werden darüber hinaus dazu befähigt, hierauf bezogene Urteile auszubilden, wofür mehrfache Perspektivwechsel und kritisches Hinterfragen unerlässliche Voraussetzungen sind. Eine Lernaufgabe sollte so formuliert sein, dass den Lernenden unmittelbar einsichtig wird, worüber sie urteilen sollen. Bei der Auseinandersetzung mit politischen und wirtschaftlichen Sachverhalten",Hessen,,Sek1,,Sozialkunde
172,6,0.5982044941370751,"und gesellschaftlichen Leben reflektiert nutzen, eigene Positionen zu politischen ... Lösungsmöglichkeiten formulieren und vor anderen begründet vertreten, Möglichkeiten zur politischen Gestaltung und Einflussnahme unter Berücksichtigung verschiedener Handlungsalternativen im Sinne von Perspektivwechsel formulieren und vertreten. Methodenkompetenz aus unterschiedlichen Medien selbstständig und gezielt politisch ... relevante Informationen entnehmen, aufbereiten und darstellen, ndividuelle Unterrichtsgestaltung nhaltsbezogene Kompetenzen: Unsere Lernenden können ... die Grundlagen des bundesdeutschen",Hessen,,Sek1,,Sozialkunde
173,9,0.9672613150405417,"Arbeiten, bereiten sich auf den Umgang mit vielschichtigen und vielgestaltigen Problemen und Themen vor und lernen, mit Phänomenen mehrperspektivisch umzugehen. Interdisziplinarität, Mehrperspektivität Die Schüler entwickeln die Fähigkeit zu Empathie und Perspektivwechsel und lernen, sich für die Rechte und Bedürfnisse anderer einzusetzen. Sie lernen unterschiedliche Positionen und Wertvorstellungen kennen und setzen sich mit ihnen auseinander, um sowohl eigene Positionen einzunehmen als auch",Sachsen,Gym,,2019.0,Sozialkunde
174,1,0.9647434481004145,"sowohl eigene Positionen einzunehmen als auch anderen gegenüber Toleranz zu entwickeln. Sie entwickeln interkulturelle Kompetenz, um offen zu sein, sich mit anderen zu verständigen und angemessen zu handeln. Empathie und Perspektivwechsel Die Schüler entwickeln eigene Wertvorstellungen auf der Grundlage der freiheitlichen demokratischen Grundordnung, indem sie Werte im schulischen Alltag erleben, kritisch reflektieren und diskutieren. Dazu gehören insbesondere Erfahrungen der Toleranz, der",Sachsen,Gym,,2019.0,Sozialkunde
175,1,0.5057093939983537,"von Wert- und Normvorstellungen der freiheitlichen demokratischen Grundordnung und grenzt sich deutlich von jenen Positionen ab, die im Widerspruch zu diesem Wertekanon mit dem Fundament der Menschenwürde stehen. Empathie und Perspektivwechsel ermöglichen grundsätzlich, dass unter Wahrung und Herausbildung der eigenen Identität und des Selbstwertgefühls auch die Positionen und Standpunkte anderer verstanden und als legitim toleriert werden. Diese Prämissen gelten gleichfalls für",Sachsen,Gym,,2019.0,Sozialkunde
176,1,0.9618046890447998,"betrachten. Entwickeln der Fähigkeit zur Toleranz im Rahmen der freiheitlichen demokratischen Grundordnung Die Schüler entwickeln Toleranz, indem sie sich mit unterschiedlichen Positionen zu politischen Fragestellungen auseinandersetzen sowie zu Empathie und Perspektivwechsel befähigt werden, alternative Lebensstile und divergierende Wertvorstellungen auf dem Boden der freiheitlichen demokratischen Grundordnung als gleichwertig begreifen. Entwickeln der Fähigkeit und Bereitschaft, sich vor dem Hintergrund demokratischer Handlungsoptionen aktiv in",Sachsen,Gym,,2019.0,Sozialkunde
177,12,0.5079917253942108,"wirtschaftspolitischen Kontroverse Sozialversicherungssysteme, Armut, Generationenkonflikt RE/k, Kl. , LB GE, Lk , LB g Beurteilen der Rolle digitaler Medien in einem aktuellen internationalen Konflikt soziale Netzwerke, Kommunikationsformen Fallbeispiel Empathie und Perspektivwechsel Problemlösestrategien Wahlbereich : Digitale Medien im Wahlkampf Sich positionieren zum Einfluss von digitalen Medien in einem aktuellen Wahlkampf Bundestagswahl, Landtagswahl, Europawahl, Kommunalwahl, Wahlen in anderen Ländern Verantwortungsbereitschaft Wahlbereich : Digitalisierung",Sachsen,Gym,,2019.0,Sozialkunde
178,11,0.8527865679712164,"Herausforderungen der Wirtschaftsund Währungsunion unterschiedliche Leistungsfähigkeit europäischer Volkswirtschaften Sich positionieren zur Idee einer Wirtschaft ohne Wachstum Club of Rome, Postwachstumsökonomie N. Paech Grenzen des Wachstums, Nachhaltigkeit Regionalökonomie, Prosumenten-Netzwerke Empathie und Perspektivwechsel Bildung für nachhaltige Entwicklung Lernbereich : Legitimität einer politischen Ordnung Ustd. Beurteilen des Verhältnisses von Legalität und Legitimität politischer Herrschaft Macht, Herrschaft Typologie legitimer Herrschaft nach M. Weber historische und",Sachsen,Gym,,2019.0,Sozialkunde
179,11,0.9388883733539886,"Folgen rationaler Entscheidungen Konferenzsimulation GE, Lk , LB Beurteilen der Qualität von Wirtschaftsstandorten in Europa vor dem Hintergrund von Globalisierungsprozessen Standortanalyse: Arbeitskosten, Umwelt, Humankapital Standortvergleich Experteninterview, Unternehmensbesuch Methodenbewusstsein Empathie und Perspektivwechsel Sich positionieren zu politischen und ökonomischen Ordnungsvorstellungen bezüglich der Internationalisierung der Wirtschaft Wandel der Sozialen Marktwirtschaft, Konzepte einer internationalen sozialen Marktwirtschaft, marktkritische Ordnungsvorstellungen Rolle von Institutionen, Nicht-Regierungsorganisationen, Weltgesellschaft GEO, Gk",Sachsen,Gym,,2019.0,Sozialkunde
180,11,0.9388884615397803,"bezüglich der Internationalisierung der Wirtschaft Wandel der Sozialen Marktwirtschaft, Konzepte einer internationalen sozialen Marktwirtschaft, marktkritische Ordnungsvorstellungen Rolle von Institutionen, Nicht-Regierungsorganisationen, Weltgesellschaft GEO, Gk , LB ETH, Gk, LB Empathie und Perspektivwechsel Wahlbereich : Ökonomie und Gewalt Beurteilen der Wechselbeziehung zwischen Ökonomie und gewalttätigen Konflikten Rüstungsindustrie, Konfliktbewältigung Rüstungsetat im Staatshaushalt Ökonomie der neuen Kriege Wahlbereich : Ökonomie und Ökologie Beurteilen des Spannungsverhältnisses",Sachsen,Gym,,2019.0,Sozialkunde
181,9,0.9704300324298342,"Dialog zwischen den Kulturen zählen dazu. Ein Austausch mit Gleichaltrigen zu fachlichen Themen unterstützt die Auseinandersetzung mit kultureller Vielfalt. Die damit verbundenen Lernprozesse zielen auf das gegenseitige Verstehen, auf bereichernde Perspektivwechsel, auf die Reflexion der eigenen Wahrnehmung und einen toleranten Umgang miteinander ab. Fast alle Unterrichtsinhalte sind geeignet, sie als Gegenstand für bi- oder multilaterale Projekte, Schüleraustausche oder auch virtuelle grenzüberschreitende",MeckPomm,Gym,Sek2,2019.0,Sozialkunde
182,4,0.9672617406379553,"die genannten Fähigkeiten und Fertigkeiten besonders anhand der im Folgenden aufgeführten Inhalte vertiefen. Kompetenzerwartungen Die Schülerinnen und Schüler ... setzen die englische Sprache zur authentischen Kommunikation ein und nehmen einen Perspektivenwechsel vor, indem sie die Fremdsprache als vereinendes Bindeglied in einer ökonomisch zunehmend globalisierten Welt begreifen und nutzen. setzen fachspezifisches Vokabular gezielt und reflektiert ein und hinterfragen sprachliche Phänomene kritisch. Inhalte",Bayern,Realschule,,2023.0,Sozialkunde
183,4,0.9672617406379553,"die genannten Fähigkeiten und Fertigkeiten besonders anhand der im Folgenden aufgeführten Inhalte vertiefen. Kompetenzerwartungen Die Schülerinnen und Schüler ... setzen die englische Sprache zur authentischen Kommunikation ein und nehmen einen Perspektivenwechsel vor, indem sie die Fremdsprache als vereinendes Bindeglied in einer ökonomisch zunehmend globalisierten Welt begreifen und nutzen. setzen fachspezifisches Vokabular gezielt und reflektiert ein und hinterfragen sprachliche Phänomene kritisch. Inhalte",Bayern,Realschule,,2023.0,Sozialkunde
184,4,0.9672617406379553,"die genannten Fähigkeiten und Fertigkeiten besonders anhand der im Folgenden aufgeführten Inhalte vertiefen. Kompetenzerwartungen Die Schülerinnen und Schüler ... setzen die englische Sprache zur authentischen Kommunikation ein und nehmen einen Perspektivenwechsel vor, indem sie die Fremdsprache als vereinendes Bindeglied in einer ökonomisch zunehmend globalisierten Welt begreifen und nutzen. setzen fachspezifisches Vokabular gezielt und reflektiert ein und hinterfragen sprachliche Phänomene kritisch. Inhalte",Bayern,Realschule,,2023.0,Sozialkunde
