term,total_across_topics,Topic_1,Topic_2,Topic_3,Topic_4,Topic_5,Topic_6,Topic_7,Topic_8,Topic_9,Topic_10,Topic_11,Topic_12,Topic_13,Topic_14,Topic_15,Topic_16,Topic_17,Topic_18,Topic_19,Topic_20
lernen,179,0.0,0.0001,0.0005,0.0007,0.0314,0.0001,0.0202,0.0013,0.0227,0.0496,0.0001,0.0017,0.0107,0.0326,0.032,0.0004,0.0008,0.0012,0.0139,0.0001
kommunikation,136,0.002,0.0001,0.0005,0.0007,0.0302,0.0027,0.0001,0.0013,0.0,0.0169,0.0001,0.0001,0.0162,0.0001,0.0003,0.0004,0.0009,0.0012,0.0542,0.0057
international,121,0.0638,0.0001,0.0005,0.0007,0.0001,0.0001,0.0001,0.0012,0.0,0.0001,0.0001,0.0145,0.0,0.0001,0.0003,0.0004,0.0008,0.0012,0.0001,0.0001
individuell,117,0.0,0.0299,0.0005,0.0007,0.0001,0.0001,0.0049,0.0013,0.0304,0.0219,0.0001,0.0001,0.0,0.0027,0.0819,0.0004,0.0008,0.0012,0.0001,0.0081
sozial,104,0.0012,0.0001,0.0005,0.0007,0.0001,0.0001,0.0001,0.0013,0.0,0.0001,0.0304,0.0166,0.0265,0.0001,0.0333,0.0004,0.0008,0.0013,0.0149,0.0069
medium,85,0.004,0.0043,0.0005,0.0007,0.0001,0.0001,0.0083,0.0013,0.0431,0.0081,0.0001,0.0001,0.0,0.0001,0.0003,0.0004,0.0008,0.0012,0.0001,0.0001
konflikt,84,0.0286,0.0001,0.0005,0.0007,0.0001,0.0001,0.0001,0.0012,0.0,0.0001,0.0001,0.0001,0.0169,0.0001,0.0003,0.0004,0.0008,0.0013,0.0001,0.0001
angemessen,83,0.0,0.0227,0.0005,0.0007,0.0001,0.0001,0.0001,0.0013,0.0045,0.0022,0.0001,0.0001,0.0128,0.0216,0.0003,0.0004,0.0008,0.0013,0.0001,0.0001
entwicklung,81,0.0184,0.0001,0.0005,0.0007,0.0001,0.0017,0.0001,0.0012,0.0086,0.0077,0.0001,0.0001,0.0141,0.0001,0.0003,0.0004,0.0008,0.0013,0.0001,0.0001
politisch,80,0.0512,0.0001,0.0005,0.0007,0.0001,0.0001,0.0001,0.0012,0.0032,0.0001,0.0001,0.0001,0.0001,0.0001,0.0003,0.0004,0.0008,0.0012,0.0045,0.0001
bedeutung,80,0.0093,0.0044,0.0005,0.0007,0.0001,0.0039,0.0132,0.0012,0.0125,0.0014,0.0001,0.0001,0.012,0.0001,0.0003,0.0004,0.0008,0.0013,0.0034,0.0001
unterschiedlich,76,0.0012,0.0117,0.0005,0.0007,0.0001,0.0203,0.0001,0.0012,0.0058,0.009,0.0135,0.0001,0.0057,0.0001,0.0003,0.0004,0.0008,0.0012,0.0194,0.0001
fördern,72,0.0,0.0001,0.0005,0.0007,0.0292,0.0001,0.0117,0.0012,0.0274,0.0127,0.0001,0.0001,0.0,0.0001,0.0003,0.0004,0.0008,0.0012,0.0028,0.0001
möglichkeit,69,0.0094,0.0001,0.0005,0.0007,0.0001,0.0001,0.0001,0.0013,0.0113,0.0001,0.0053,0.0001,0.0,0.0229,0.0003,0.0004,0.023,0.0012,0.0084,0.0001
selbstständig,68,0.0,0.0067,0.0005,0.0007,0.0271,0.0001,0.0001,0.0012,0.0018,0.0198,0.0139,0.0001,0.0111,0.0001,0.0003,0.0004,0.0008,0.0012,0.0001,0.0001
partner,66,0.0,0.0203,0.0005,0.0007,0.0001,0.0001,0.0001,0.0013,0.0,0.0001,0.0001,0.0001,0.0092,0.0263,0.0003,0.0004,0.0008,0.0013,0.0001,0.0001
leistung,66,0.0,0.0606,0.0005,0.0007,0.0001,0.0001,0.0001,0.0013,0.0033,0.0001,0.0001,0.0001,0.0,0.0001,0.0003,0.0004,0.0008,0.0012,0.0001,0.0001
angebot,64,0.0,0.0001,0.0005,0.0007,0.0356,0.0001,0.0001,0.0013,0.0,0.0001,0.0001,0.0001,0.0,0.0054,0.0003,0.0004,0.0008,0.0012,0.0001,0.0863
nutzen,63,0.0028,0.0001,0.0005,0.0007,0.0001,0.0001,0.0033,0.0012,0.0107,0.0083,0.0001,0.0033,0.0184,0.0001,0.0003,0.0004,0.0008,0.0012,0.0001,0.0001
sowohl,61,0.0,0.0209,0.0005,0.0007,0.0001,0.0001,0.0001,0.0013,0.0,0.0169,0.0001,0.0001,0.0,0.0227,0.0003,0.0004,0.0008,0.0013,0.0001,0.0001
digital,61,0.0,0.0025,0.0005,0.0007,0.0001,0.0001,0.012,0.0013,0.0291,0.0001,0.0001,0.0001,0.0,0.0001,0.0003,0.0004,0.0008,0.0012,0.0001,0.0219
entwickeln,60,0.0,0.0001,0.0005,0.0007,0.0001,0.0001,0.0001,0.0012,0.0,0.0183,0.0001,0.0001,0.0249,0.0001,0.0003,0.0004,0.0008,0.0013,0.0001,0.0001
außerschulisch,59,0.0,0.0001,0.0005,0.0007,0.0001,0.0001,0.0001,0.0013,0.0,0.0001,0.0001,0.0001,0.0,0.0553,0.0003,0.0004,0.0008,0.0012,0.0001,0.0001
ziel,59,0.0129,0.0001,0.0005,0.0007,0.0001,0.0001,0.0001,0.0013,0.0,0.0001,0.0001,0.0001,0.0,0.0275,0.0281,0.0004,0.0008,0.0012,0.0001,0.0081
gesellschaftlich,59,0.0,0.0001,0.0005,0.0007,0.0001,0.0001,0.0001,0.0012,0.0,0.0001,0.0258,0.0001,0.0183,0.0001,0.0003,0.0004,0.0008,0.0013,0.0059,0.0001
aufgabe,58,0.0,0.0038,0.0005,0.0007,0.0001,0.0001,0.0002,0.0012,0.0044,0.0001,0.0098,0.0182,0.0,0.0264,0.0003,0.0004,0.0008,0.0012,0.0001,0.0001
modell,58,0.0,0.0153,0.0005,0.0007,0.0001,0.0428,0.0001,0.0013,0.0001,0.0162,0.0001,0.0001,0.0,0.0001,0.0003,0.0004,0.0008,0.0012,0.0075,0.0001
europäisch,57,0.0123,0.0001,0.0005,0.0007,0.0001,0.0167,0.0001,0.0012,0.0083,0.0001,0.0048,0.0001,0.0023,0.0001,0.0003,0.0004,0.0008,0.0012,0.0001,0.0001
fähigkeit,56,0.0,0.0001,0.0005,0.0007,0.0001,0.0001,0.0001,0.0012,0.0038,0.0001,0.0001,0.026,0.0165,0.0001,0.0003,0.0004,0.0008,0.0013,0.0064,0.0001
welt,55,0.0113,0.0001,0.0005,0.0007,0.0001,0.0093,0.0001,0.0012,0.0011,0.0001,0.0018,0.0001,0.0088,0.0001,0.0003,0.0004,0.0008,0.0012,0.0001,0.0021
arbeit,54,0.0,0.0001,0.0005,0.0117,0.0333,0.0001,0.0001,0.0013,0.0076,0.0013,0.0001,0.0001,0.0065,0.0001,0.0003,0.0004,0.0176,0.0013,0.0001,0.0151
sozialkompetenz,54,0.0,0.0036,0.0005,0.0007,0.0001,0.0001,0.0001,0.0012,0.0,0.0283,0.0001,0.0001,0.0101,0.0001,0.0003,0.0004,0.0008,0.0012,0.0001,0.0001
verschieden,52,0.0,0.0001,0.0005,0.0007,0.0001,0.0001,0.0001,0.0013,0.0029,0.0001,0.0001,0.0001,0.0162,0.0002,0.0003,0.0004,0.0008,0.0013,0.0147,0.0001
verantwortung,50,0.0,0.0001,0.0005,0.0007,0.0001,0.0001,0.003,0.0012,0.0,0.0065,0.0159,0.0001,0.0146,0.0001,0.0003,0.0004,0.0008,0.0013,0.0001,0.0001
rahmen,49,0.0023,0.0001,0.0005,0.0115,0.0001,0.0001,0.0001,0.0013,0.0,0.0001,0.0001,0.0094,0.0,0.0168,0.0003,0.0004,0.0257,0.0012,0.0131,0.0225
handeln,49,0.0019,0.0001,0.0005,0.0007,0.0001,0.0001,0.0028,0.0012,0.0,0.0001,0.0001,0.0161,0.0165,0.0001,0.0003,0.0004,0.0008,0.0012,0.0067,0.0001
vertiefung,48,0.0,0.0001,0.0005,0.0007,0.0387,0.0001,0.0001,0.0013,0.0,0.0001,0.0001,0.0001,0.0,0.0212,0.0003,0.0004,0.0008,0.0012,0.0001,0.0001
ökonomisch,48,0.0315,0.0001,0.0005,0.0007,0.0001,0.0013,0.0001,0.0012,0.0054,0.0001,0.0001,0.0001,0.0017,0.0001,0.0003,0.0004,0.0008,0.0012,0.0001,0.0001
interesse,48,0.0035,0.0001,0.0005,0.0007,0.0001,0.0041,0.0001,0.0012,0.0018,0.0001,0.0001,0.0001,0.0038,0.0235,0.0003,0.0004,0.0008,0.0012,0.0049,0.0001
einsatz,47,0.0,0.0143,0.0005,0.0007,0.0001,0.0001,0.0083,0.0013,0.0011,0.0144,0.0001,0.0001,0.0,0.0124,0.0003,0.0004,0.0008,0.0012,0.0001,0.0001
arbeitsform,46,0.0,0.0222,0.0005,0.0008,0.0001,0.0001,0.011,0.0013,0.0056,0.008,0.0001,0.0001,0.0001,0.0001,0.0003,0.0004,0.0008,0.0012,0.0001,0.0001
aktiv,45,0.0,0.0001,0.0005,0.0007,0.0301,0.0001,0.0001,0.0012,0.0091,0.0001,0.0299,0.0001,0.0,0.0001,0.0003,0.0004,0.0008,0.0012,0.0001,0.0001
form,45,0.0034,0.0158,0.0006,0.0007,0.0001,0.0041,0.0001,0.0012,0.0083,0.0022,0.0085,0.0001,0.0,0.0001,0.0003,0.0004,0.0008,0.0012,0.0001,0.0001
information,45,0.0,0.0042,0.0005,0.0119,0.0001,0.0001,0.0001,0.0012,0.0113,0.0001,0.0001,0.0016,0.0115,0.0001,0.0003,0.0004,0.014,0.0012,0.0043,0.0001
lerngruppe,45,0.0,0.0001,0.0005,0.0007,0.0311,0.0001,0.0001,0.0012,0.0,0.0001,0.0001,0.0001,0.0,0.0239,0.0003,0.0004,0.0008,0.0012,0.0001,0.0001
jahrgangsstufe,44,0.0002,0.0001,0.0005,0.0007,0.0001,0.0842,0.0001,0.0012,0.0,0.0001,0.0001,0.0001,0.0,0.0001,0.0003,0.0004,0.0008,0.0012,0.0001,0.0001
global,43,0.0162,0.0001,0.0005,0.0007,0.0001,0.0001,0.0001,0.0012,0.0,0.0001,0.0001,0.0112,0.0,0.0001,0.0003,0.0004,0.0008,0.0012,0.0021,0.0001
arbeiten,42,0.0,0.0032,0.0005,0.0007,0.0001,0.0001,0.0001,0.0012,0.0,0.0217,0.0112,0.019,0.0,0.0001,0.0003,0.0004,0.0008,0.0012,0.0001,0.0001
gruppe,42,0.0,0.0309,0.0005,0.0007,0.0001,0.0001,0.0001,0.0013,0.0,0.0017,0.0001,0.0001,0.0059,0.0001,0.0003,0.0004,0.0008,0.0012,0.0001,0.0001
gemeinsam,41,0.0004,0.0001,0.0005,0.0007,0.0001,0.0027,0.0001,0.0012,0.0,0.0001,0.0001,0.0026,0.0168,0.0001,0.0003,0.0259,0.0008,0.0013,0.0001,0.0001
solidarität,40,0.0,0.0001,0.0005,0.0007,0.0001,0.0001,0.0001,0.0012,0.0,0.0001,0.0001,0.0313,0.0082,0.0001,0.0003,0.0004,0.0008,0.0013,0.0001,0.0001
inhalt,40,0.0157,0.0001,0.0005,0.0007,0.0001,0.0001,0.0001,0.0012,0.0024,0.005,0.0001,0.0001,0.0014,0.0001,0.0003,0.0004,0.0008,0.0012,0.0001,0.0001
konfrontation,40,0.0147,0.0001,0.0005,0.0007,0.0002,0.0001,0.0001,0.0012,0.0,0.0001,0.0129,0.0001,0.0,0.0001,0.0003,0.0004,0.0008,0.0012,0.0001,0.0001
deutschland,39,0.0105,0.0001,0.0005,0.0007,0.0001,0.01,0.0001,0.0012,0.0001,0.0001,0.0001,0.0001,0.0036,0.0001,0.0003,0.0004,0.0008,0.0012,0.0001,0.0001
konzept,39,0.0055,0.0001,0.0005,0.0007,0.0001,0.0001,0.0001,0.0013,0.0,0.002,0.0001,0.0001,0.0,0.0218,0.0003,0.0004,0.0008,0.0012,0.0001,0.0001
perspektive,38,0.0,0.002,0.0005,0.0007,0.0001,0.0001,0.0001,0.0012,0.0,0.0001,0.0142,0.0001,0.0,0.0001,0.0003,0.0004,0.0008,0.0012,0.0326,0.0001
chance,38,0.0097,0.0001,0.0005,0.0007,0.0001,0.0001,0.0027,0.0012,0.0026,0.0001,0.0001,0.0001,0.0,0.0001,0.0003,0.0004,0.0008,0.0012,0.013,0.0001
fachübergreifend,38,0.0,0.0001,0.0005,0.0007,0.0001,0.0054,0.0296,0.0013,0.0,0.0001,0.0001,0.0106,0.0,0.0001,0.0003,0.0004,0.0246,0.0012,0.0001,0.0152
gesellschaft,38,0.0075,0.0001,0.0005,0.0007,0.0001,0.0002,0.0047,0.0012,0.0,0.0001,0.0227,0.0001,0.0006,0.0001,0.0003,0.0217,0.0008,0.0012,0.0003,0.0002
methode,38,0.0,0.0057,0.0005,0.0198,0.0001,0.0001,0.0001,0.0012,0.0052,0.0104,0.0001,0.0001,0.0062,0.0001,0.0003,0.0004,0.0008,0.0012,0.0001,0.0001
berücksichtigen,37,0.0,0.0202,0.0005,0.0007,0.0001,0.0001,0.0001,0.0013,0.0014,0.0001,0.0001,0.0001,0.0,0.0001,0.0003,0.0004,0.0008,0.0012,0.0001,0.0288
teamfähigkeit,37,0.0,0.0001,0.0005,0.0007,0.0001,0.0001,0.0001,0.0012,0.0,0.008,0.0001,0.0157,0.0106,0.0001,0.0003,0.0004,0.0008,0.0013,0.0001,0.0001
europa,36,0.0117,0.0001,0.0005,0.0007,0.0001,0.0063,0.0001,0.0012,0.0002,0.0001,0.0001,0.0001,0.0016,0.0001,0.0003,0.0004,0.0008,0.0012,0.0018,0.0001
ler,36,0.0,0.0001,0.0088,0.0007,0.0297,0.0001,0.0001,0.0012,0.005,0.0093,0.0044,0.0001,0.0,0.0001,0.0003,0.0004,0.0008,0.0012,0.0001,0.0001
präsentieren,35,0.0,0.0001,0.0005,0.0007,0.0001,0.0001,0.0001,0.0012,0.0152,0.0046,0.0001,0.0147,0.0,0.0001,0.0003,0.0004,0.0008,0.0012,0.0022,0.0001
bewertung,35,0.0,0.0312,0.0005,0.0007,0.0001,0.0001,0.0001,0.0013,0.0,0.0001,0.003,0.0001,0.0,0.0001,0.0003,0.0004,0.0008,0.0012,0.0001,0.0001
ermöglichen,35,0.0,0.0001,0.0005,0.0007,0.0387,0.0159,0.0001,0.0012,0.0,0.0001,0.0001,0.0026,0.0,0.0001,0.0003,0.0004,0.0008,0.0012,0.0001,0.0001
wichtig,35,0.0,0.0001,0.0005,0.0007,0.0305,0.0001,0.0001,0.0013,0.006,0.0001,0.0078,0.0001,0.0,0.0001,0.0003,0.0004,0.0008,0.0012,0.0001,0.0207
jeweils,35,0.0,0.0001,0.0005,0.0007,0.0001,0.0053,0.0068,0.0013,0.0,0.0001,0.0001,0.0001,0.0,0.0226,0.0003,0.0004,0.0008,0.0012,0.0001,0.0001
einzeln,34,0.0002,0.0001,0.0005,0.0007,0.0001,0.0349,0.0173,0.0013,0.0,0.0001,0.0001,0.0001,0.0,0.0001,0.0003,0.0004,0.0008,0.0012,0.0035,0.0001
ergebnis,34,0.0,0.0205,0.0005,0.0007,0.0001,0.0001,0.0001,0.0013,0.0108,0.0011,0.0001,0.0001,0.0,0.0001,0.0003,0.0004,0.0008,0.0012,0.0001,0.0001
gestaltung,34,0.0018,0.0001,0.0005,0.0007,0.0001,0.0001,0.0362,0.0012,0.0,0.0001,0.0001,0.0001,0.0016,0.0001,0.0437,0.0004,0.0008,0.0012,0.0001,0.0001
inhaltlich,34,0.0,0.0001,0.0005,0.0007,0.0001,0.0014,0.0015,0.0012,0.0,0.0001,0.0001,0.0001,0.0014,0.0253,0.0003,0.0004,0.0008,0.0012,0.0001,0.0001
fachlich,33,0.0,0.0001,0.0005,0.0007,0.0001,0.0001,0.0001,0.0013,0.0,0.004,0.0001,0.0001,0.0,0.0253,0.0003,0.0004,0.0008,0.0012,0.0001,0.0001
projekt,32,0.0014,0.0009,0.0005,0.0165,0.0001,0.0001,0.0048,0.0012,0.0,0.0001,0.0001,0.0001,0.0093,0.0013,0.0003,0.0004,0.0008,0.0012,0.0046,0.0001
differenzierung,32,0.0,0.0001,0.0005,0.0007,0.0293,0.0001,0.0028,0.0012,0.0,0.0085,0.0001,0.0001,0.0,0.0001,0.0295,0.0004,0.0008,0.0012,0.0001,0.0001
umgang,32,0.0,0.0001,0.0005,0.0007,0.0001,0.0001,0.0001,0.0012,0.0032,0.0001,0.0001,0.0001,0.0141,0.0001,0.0003,0.0004,0.0008,0.0013,0.0001,0.0001
wirtschaftlich,32,0.0112,0.0001,0.0005,0.0007,0.0001,0.0001,0.0001,0.0012,0.0041,0.0001,0.0001,0.0001,0.0048,0.0001,0.0003,0.0004,0.0008,0.0012,0.0039,0.0001
fächerübergreifend,32,0.0001,0.0001,0.0005,0.0007,0.049,0.0001,0.0001,0.0012,0.0,0.0001,0.0001,0.0001,0.0022,0.0001,0.0003,0.0004,0.0008,0.0012,0.0001,0.0001
rolle,31,0.007,0.0001,0.0005,0.0007,0.0001,0.0001,0.0001,0.0012,0.0,0.0001,0.0001,0.0001,0.0072,0.0001,0.0281,0.0004,0.0008,0.0012,0.0001,0.0001
darstellung,31,0.0,0.0212,0.0005,0.0007,0.0001,0.0001,0.0001,0.0013,0.0029,0.0001,0.0001,0.0001,0.0,0.0001,0.0003,0.0004,0.0008,0.0012,0.0087,0.0001
erreichen,31,0.0,0.0001,0.0005,0.0007,0.0001,0.0001,0.0001,0.0013,0.0,0.0001,0.0001,0.0001,0.0,0.0283,0.0003,0.0004,0.0008,0.0012,0.0001,0.0001
übernehmen,31,0.0,0.0001,0.0005,0.0007,0.0001,0.0001,0.0001,0.0012,0.0,0.0067,0.0132,0.0001,0.0077,0.0001,0.0003,0.0004,0.0008,0.0013,0.0001,0.0001
lassen,31,0.0001,0.0001,0.0005,0.0372,0.0296,0.0001,0.0001,0.0012,0.0027,0.0001,0.0006,0.0001,0.0,0.0001,0.0003,0.0004,0.0008,0.0012,0.0061,0.0001
politik,30,0.0134,0.0001,0.0005,0.0007,0.0001,0.0001,0.0001,0.0012,0.0,0.0001,0.0035,0.0001,0.0,0.0001,0.0003,0.0004,0.0008,0.0012,0.0001,0.0001
beitrag,30,0.0016,0.0063,0.0005,0.0007,0.0001,0.0001,0.0038,0.0013,0.0,0.0001,0.0001,0.0001,0.0,0.0001,0.0003,0.0004,0.0008,0.0012,0.0065,0.0244
kontext,30,0.0033,0.0001,0.0005,0.0007,0.0001,0.0001,0.0001,0.0012,0.0,0.0106,0.0001,0.0001,0.0052,0.0001,0.0003,0.0004,0.0008,0.0012,0.0001,0.0022
niveaustuf,30,0.0001,0.0001,0.0005,0.0007,0.0001,0.0622,0.0001,0.0012,0.0,0.0001,0.0001,0.0001,0.0,0.0001,0.0003,0.0004,0.0008,0.0012,0.0001,0.0001
niveaustufen,30,0.0001,0.0001,0.0005,0.0007,0.0001,0.0622,0.0001,0.0012,0.0,0.0001,0.0001,0.0001,0.0,0.0001,0.0003,0.0004,0.0008,0.0012,0.0001,0.0001
bereich,29,0.0034,0.0001,0.0005,0.0007,0.0001,0.0024,0.0001,0.0013,0.0,0.0001,0.0001,0.0001,0.0002,0.0088,0.0003,0.0004,0.014,0.0012,0.0001,0.0224
schriftlich,28,0.0,0.0202,0.0005,0.0007,0.0001,0.0001,0.0001,0.0012,0.0,0.0001,0.0001,0.0001,0.0,0.0001,0.0003,0.0004,0.0008,0.0012,0.0072,0.0001
beziehung,28,0.0075,0.0001,0.0005,0.0007,0.0001,0.0001,0.0001,0.0012,0.0,0.0001,0.0001,0.0211,0.0,0.0001,0.0003,0.0004,0.0008,0.0012,0.0001,0.0001
dienen,28,0.0,0.0001,0.0005,0.0007,0.0416,0.0001,0.0001,0.0012,0.0072,0.0001,0.0001,0.0001,0.0,0.0001,0.0003,0.0004,0.0008,0.0012,0.0001,0.0001
entstehen,28,0.0,0.0001,0.0005,0.0007,0.0001,0.0001,0.0001,0.0013,0.0,0.0001,0.0001,0.0001,0.0,0.0219,0.0003,0.0004,0.0008,0.0012,0.0028,0.0001
übergreifend,28,0.0,0.0001,0.0005,0.0007,0.0001,0.0001,0.0001,0.0013,0.002,0.0001,0.0001,0.0001,0.0,0.0218,0.0003,0.0004,0.0008,0.0012,0.0001,0.0001
respektieren,27,0.0,0.0001,0.0005,0.0007,0.0001,0.0001,0.0001,0.0012,0.0,0.0001,0.0001,0.0353,0.0,0.0001,0.0003,0.0004,0.0008,0.0012,0.0001,0.0001
rücksichtnahme,27,0.0,0.0001,0.0005,0.0007,0.0001,0.0001,0.0001,0.0012,0.0,0.0001,0.0001,0.0157,0.0077,0.0001,0.0003,0.0004,0.0008,0.0013,0.0001,0.0001
erweiterung,27,0.0,0.0001,0.0005,0.0007,0.0392,0.0001,0.0001,0.0012,0.0,0.0001,0.0001,0.0001,0.0,0.0001,0.0003,0.0004,0.0008,0.0012,0.0028,0.0001
fragestellung,27,0.0,0.0001,0.0005,0.0007,0.0321,0.0001,0.0001,0.0012,0.0,0.0012,0.0001,0.0001,0.0029,0.0001,0.0003,0.0004,0.0008,0.0012,0.0001,0.0001
förderung,27,0.0,0.0001,0.0005,0.0007,0.0001,0.0105,0.0019,0.0012,0.0013,0.0001,0.0001,0.0001,0.0012,0.0083,0.037,0.0004,0.0008,0.0012,0.0001,0.0001
kompetenzentwicklung,27,0.0,0.0001,0.0005,0.0007,0.0001,0.0001,0.0016,0.0012,0.0,0.0001,0.0001,0.0001,0.0,0.0225,0.0003,0.0004,0.0008,0.0012,0.0001,0.0001
aktuell,26,0.0127,0.0009,0.0005,0.0007,0.0001,0.0001,0.0001,0.0012,0.0,0.0001,0.0001,0.0001,0.0,0.0001,0.0003,0.0004,0.0008,0.0012,0.0001,0.0001
problem,26,0.0001,0.0001,0.0005,0.0007,0.0001,0.0001,0.0001,0.0012,0.0,0.0001,0.0002,0.0001,0.0078,0.0001,0.0003,0.0004,0.014,0.0012,0.0091,0.0001
verhalten,26,0.0,0.0001,0.0005,0.0007,0.0001,0.0001,0.0001,0.0012,0.0,0.0119,0.0001,0.0001,0.0028,0.0074,0.0003,0.0004,0.0008,0.0012,0.0001,0.0001
formulieren,26,0.0,0.0001,0.0005,0.0007,0.0001,0.0001,0.0164,0.0012,0.0,0.0177,0.0001,0.0001,0.0,0.0001,0.0003,0.0004,0.0008,0.0012,0.0001,0.0001
klasse,26,0.0,0.0001,0.1856,0.012,0.0001,0.0001,0.0001,0.0012,0.0,0.0001,0.0001,0.0003,0.0,0.0045,0.0003,0.0004,0.0008,0.0012,0.0001,0.0001
komplex,26,0.0,0.0001,0.0005,0.0007,0.0361,0.0001,0.0001,0.0012,0.0,0.0001,0.0001,0.0013,0.002,0.0001,0.0003,0.0004,0.0008,0.0012,0.0001,0.0001
kumulativ,26,0.0,0.0001,0.0005,0.0007,0.0001,0.0001,0.0001,0.0012,0.0,0.0001,0.0001,0.0001,0.0,0.0227,0.0003,0.0004,0.0008,0.0012,0.0001,0.0001
schritt,25,0.0,0.0001,0.0005,0.0007,0.0001,0.0001,0.0001,0.0012,0.0,0.0001,0.0001,0.0001,0.0,0.0218,0.0003,0.0004,0.0008,0.0012,0.0001,0.0001
einbeziehen,25,0.0,0.0255,0.0005,0.0007,0.0001,0.0001,0.0001,0.0013,0.0,0.0001,0.0001,0.0001,0.0,0.0001,0.0003,0.0004,0.0008,0.0012,0.0001,0.0001
erfüllung,25,0.0,0.0001,0.0005,0.0007,0.0001,0.0001,0.0001,0.0012,0.0,0.0001,0.0001,0.0001,0.0,0.0218,0.0003,0.0004,0.0008,0.0012,0.0001,0.0001
krieg,25,0.0115,0.0001,0.0005,0.0007,0.0001,0.0001,0.0001,0.0012,0.0,0.0001,0.0001,0.0001,0.0,0.0001,0.0003,0.0004,0.0008,0.0012,0.0001,0.0001
arbeitstechnik,24,0.0,0.0001,0.0005,0.0007,0.0299,0.0001,0.0001,0.0012,0.0,0.0041,0.0001,0.0001,0.0,0.0001,0.0003,0.0004,0.0252,0.0012,0.0001,0.0001
deutsch,24,0.0119,0.0001,0.0005,0.0007,0.0019,0.0006,0.0001,0.0012,0.0,0.0001,0.0001,0.0016,0.0,0.0001,0.0003,0.0004,0.0008,0.0012,0.0001,0.0001
fächerverbindend,24,0.0,0.0001,0.0005,0.0007,0.0001,0.0053,0.0161,0.0012,0.0,0.0001,0.0001,0.0116,0.0001,0.0001,0.0003,0.0004,0.0259,0.0012,0.0001,0.0001
geschichte,24,0.0028,0.0001,0.0005,0.0007,0.0001,0.0001,0.0001,0.0012,0.0,0.0001,0.0001,0.0001,0.0,0.0001,0.0003,0.0004,0.0008,0.0012,0.0166,0.0001
insbesondere,24,0.0,0.0001,0.0005,0.0007,0.0001,0.0001,0.0001,0.0012,0.013,0.0032,0.0001,0.0028,0.0,0.0001,0.0003,0.0004,0.0008,0.0012,0.0001,0.0001
integration,24,0.0,0.0001,0.0005,0.0007,0.0002,0.0129,0.0001,0.0012,0.0,0.0001,0.0001,0.0001,0.0,0.0001,0.079,0.0004,0.0008,0.0012,0.0001,0.0001
auseinandersetzung,23,0.0025,0.0001,0.0005,0.0007,0.0001,0.0001,0.0001,0.0012,0.0029,0.0001,0.0001,0.0001,0.0,0.0001,0.0003,0.0004,0.0008,0.0012,0.0142,0.0001
risiko,23,0.0043,0.0001,0.0005,0.0007,0.0001,0.0001,0.0062,0.0012,0.0,0.0001,0.0001,0.0001,0.0,0.0001,0.0003,0.0004,0.0008,0.0012,0.0128,0.0001
demokratie,23,0.0061,0.0001,0.038,0.0007,0.0001,0.0001,0.0001,0.0012,0.0,0.0001,0.0113,0.0001,0.0,0.0001,0.0003,0.0004,0.0008,0.0012,0.0001,0.0001
demokratisch,23,0.0,0.0001,0.0005,0.0007,0.0001,0.0001,0.0001,0.0012,0.0,0.0001,0.0568,0.0001,0.0,0.0001,0.0003,0.0004,0.0008,0.0012,0.0001,0.0001
unterstützen,23,0.0,0.0001,0.0005,0.0007,0.0001,0.0001,0.0001,0.0012,0.011,0.0086,0.0001,0.0001,0.0,0.0001,0.0003,0.0004,0.0008,0.0012,0.0001,0.0001
wissen,23,0.0,0.0001,0.0005,0.0007,0.0001,0.0001,0.0001,0.0012,0.0,0.0182,0.0001,0.0001,0.0055,0.0001,0.0003,0.0004,0.0008,0.0012,0.0001,0.0001
zentral,23,0.002,0.0001,0.0005,0.0123,0.0001,0.0001,0.0001,0.0012,0.0,0.0001,0.0001,0.0001,0.0083,0.0001,0.0003,0.0004,0.0008,0.0013,0.0001,0.0001
gestalten,23,0.0,0.0001,0.0005,0.0007,0.0001,0.0001,0.0001,0.0013,0.0039,0.0001,0.0001,0.0026,0.0,0.0036,0.0003,0.0004,0.0008,0.0012,0.0001,0.0246
anwenden,22,0.0,0.0052,0.0005,0.0007,0.0001,0.0001,0.0001,0.0012,0.0013,0.0113,0.0001,0.0001,0.0013,0.0001,0.0003,0.0004,0.0008,0.0012,0.0001,0.0057
frei,22,0.0,0.0216,0.0005,0.0007,0.0001,0.0001,0.0001,0.0013,0.0,0.0001,0.0001,0.0001,0.0,0.0001,0.0003,0.0004,0.0008,0.0012,0.0001,0.0001
innerer,22,0.0,0.0001,0.0005,0.0007,0.0281,0.0001,0.0001,0.0012,0.0,0.0001,0.0001,0.0001,0.0,0.0001,0.0281,0.0004,0.0008,0.0012,0.0001,0.0001
meinung,22,0.0,0.0001,0.0005,0.0007,0.0001,0.0001,0.0014,0.0012,0.0,0.0003,0.011,0.0208,0.0,0.0001,0.0003,0.0004,0.0008,0.0012,0.0001,0.0001
prozeß,21,0.0066,0.0001,0.0005,0.0007,0.0001,0.0001,0.0001,0.0012,0.0098,0.0001,0.0001,0.0001,0.0,0.0001,0.0003,0.0004,0.0008,0.0012,0.0001,0.0001
regel,21,0.0043,0.0001,0.0005,0.0173,0.0001,0.0001,0.0001,0.0012,0.0,0.0001,0.0001,0.0187,0.0,0.0001,0.0003,0.0004,0.0008,0.0012,0.0001,0.0001
beitragen,21,0.0002,0.0001,0.0005,0.0007,0.0001,0.0001,0.0001,0.0013,0.0,0.0001,0.0148,0.0001,0.0,0.0105,0.0003,0.0286,0.0008,0.0012,0.0001,0.0001
sozialkommunikativ,21,0.0,0.0208,0.0005,0.0007,0.0001,0.0001,0.0001,0.0013,0.0,0.0001,0.0001,0.0001,0.0,0.0001,0.0003,0.0004,0.0008,0.0012,0.0001,0.0001
bieten,21,0.0001,0.0001,0.0005,0.0007,0.0001,0.0001,0.0032,0.0012,0.0014,0.0001,0.0001,0.0001,0.0,0.0001,0.0003,0.0004,0.0008,0.0012,0.0216,0.0001
gesamtleistung,21,0.0,0.0208,0.0005,0.0007,0.0001,0.0001,0.0001,0.0013,0.0,0.0001,0.0001,0.0001,0.0,0.0001,0.0003,0.0004,0.0008,0.0012,0.0001,0.0001
grundsatz,21,0.0,0.0208,0.0005,0.0007,0.0001,0.0001,0.0001,0.0013,0.0,0.0001,0.0001,0.0001,0.0,0.0001,0.0003,0.0004,0.0008,0.0012,0.0001,0.0001
innerhalb,21,0.002,0.0001,0.0005,0.0007,0.0001,0.0001,0.0122,0.0012,0.0,0.0001,0.0001,0.0033,0.0023,0.0007,0.0003,0.0004,0.0008,0.0012,0.0019,0.0001
jahrgangsstuf,21,0.0001,0.0001,0.0005,0.0007,0.0001,0.0428,0.0001,0.0012,0.0,0.0001,0.0001,0.0001,0.0,0.0001,0.0003,0.0004,0.0008,0.0012,0.0001,0.0001
leistungsfeststellung,21,0.0013,0.0183,0.0005,0.0007,0.0001,0.0001,0.0001,0.0013,0.0,0.0001,0.0001,0.0001,0.0,0.0001,0.0003,0.0004,0.0008,0.0012,0.0001,0.0001
leistungsvergleiche,21,0.0,0.0208,0.0005,0.0007,0.0001,0.0001,0.0001,0.0013,0.0,0.0001,0.0001,0.0001,0.0,0.0001,0.0003,0.0004,0.0008,0.0012,0.0001,0.0001
mensch,21,0.0,0.0002,0.0005,0.0007,0.0003,0.0001,0.0017,0.0012,0.0,0.0001,0.0216,0.0001,0.0,0.0001,0.0003,0.0004,0.0008,0.0012,0.0062,0.0001
methodischstrategischen,21,0.0,0.0208,0.0005,0.0007,0.0001,0.0001,0.0001,0.0013,0.0,0.0001,0.0001,0.0001,0.0,0.0001,0.0003,0.0004,0.0008,0.0012,0.0001,0.0001
motivation,21,0.0,0.0001,0.0005,0.0007,0.0001,0.0001,0.0001,0.0012,0.0034,0.0001,0.0001,0.0001,0.0074,0.0001,0.0003,0.0004,0.0008,0.0013,0.0001,0.0001
pädagogisch,20,0.0,0.0001,0.0005,0.0007,0.0001,0.0001,0.0001,0.0013,0.0,0.0001,0.0001,0.0001,0.0,0.0001,0.0281,0.0004,0.0008,0.0012,0.0001,0.033
schulintern,20,0.0,0.0001,0.0005,0.0007,0.0001,0.0001,0.0305,0.0012,0.0,0.0001,0.0001,0.0015,0.0,0.0001,0.0003,0.0004,0.0008,0.0012,0.0001,0.0001
verhaltensweise,20,0.0,0.0001,0.0005,0.0007,0.0001,0.0001,0.0001,0.0012,0.0,0.0001,0.0001,0.0264,0.0,0.0001,0.0003,0.0004,0.0008,0.0012,0.0001,0.0001
erfolgreich,20,0.0,0.0001,0.0005,0.0007,0.0001,0.0001,0.0001,0.0012,0.0,0.002,0.0001,0.0001,0.0091,0.0001,0.0003,0.0004,0.0008,0.0013,0.0001,0.0001
frage,20,0.0,0.0001,0.0005,0.0007,0.002,0.0001,0.0073,0.0012,0.0,0.0022,0.0185,0.0001,0.0008,0.0001,0.0003,0.0004,0.0008,0.0012,0.0001,0.0001
geeignet,20,0.0,0.0054,0.0005,0.0007,0.0001,0.0001,0.0001,0.0012,0.0,0.0115,0.0001,0.0001,0.0,0.0001,0.0003,0.0004,0.0008,0.0012,0.0036,0.0001
mündlich,20,0.0,0.0201,0.0005,0.0007,0.0001,0.0001,0.0001,0.0012,0.0,0.0001,0.0001,0.0001,0.0,0.0001,0.0003,0.0004,0.0008,0.0012,0.0001,0.0001
anspruch,19,0.0,0.0001,0.0005,0.0007,0.0319,0.0001,0.0014,0.0012,0.0,0.0001,0.0001,0.0001,0.0,0.0001,0.0003,0.0004,0.0008,0.0012,0.0001,0.0001
regional,19,0.0,0.0001,0.0005,0.0115,0.0001,0.0001,0.0112,0.0013,0.0,0.0001,0.0001,0.0001,0.0,0.0001,0.0003,0.0004,0.0008,0.0012,0.0001,0.0245
curriculum,19,0.0,0.0001,0.0005,0.0007,0.0001,0.0001,0.0307,0.0012,0.0,0.0001,0.0001,0.0001,0.0,0.0001,0.0003,0.0004,0.0008,0.0012,0.0001,0.0001
vorteilhaft,19,0.0,0.0001,0.0005,0.0007,0.0307,0.0001,0.0001,0.0012,0.0,0.0001,0.0001,0.0001,0.0002,0.0001,0.0003,0.0004,0.0008,0.0012,0.0001,0.0001
fordern,19,0.0,0.0001,0.0005,0.0007,0.0311,0.0001,0.0001,0.0012,0.0,0.0001,0.0001,0.0001,0.0,0.0001,0.0003,0.0004,0.0008,0.0012,0.0001,0.0001
zuordnen,19,0.0003,0.0001,0.0005,0.0007,0.0001,0.0311,0.0001,0.0012,0.0,0.0001,0.0001,0.0001,0.0,0.0001,0.0003,0.0004,0.0008,0.0012,0.0045,0.0001
fördernd,19,0.0,0.0001,0.0005,0.0007,0.0001,0.0001,0.0141,0.0012,0.0,0.0001,0.0001,0.0001,0.0052,0.0001,0.0003,0.0004,0.0008,0.0012,0.0001,0.0001
gruppenarbeite,19,0.0,0.0191,0.0005,0.0007,0.0001,0.0001,0.0001,0.0013,0.0,0.0001,0.0001,0.0001,0.0,0.0001,0.0003,0.0004,0.0008,0.0012,0.0001,0.0001
kulturell,19,0.002,0.0001,0.0005,0.0007,0.0001,0.0015,0.0001,0.0012,0.0,0.0001,0.015,0.0001,0.0011,0.0001,0.0003,0.0004,0.0008,0.0012,0.0001,0.0045
nehmen,19,0.0,0.0001,0.0005,0.0007,0.0001,0.0001,0.0001,0.0012,0.0,0.0001,0.0001,0.0165,0.0,0.0001,0.0003,0.0004,0.0008,0.0012,0.0073,0.0001
unterrichtsergänzend,18,0.0,0.0001,0.0005,0.0007,0.0001,0.0001,0.0001,0.0013,0.0,0.0001,0.0001,0.0001,0.0,0.0001,0.0003,0.0004,0.0008,0.0012,0.0001,0.0412
einstellung,18,0.0,0.0001,0.0088,0.0007,0.0001,0.0001,0.0001,0.0012,0.0,0.0001,0.0001,0.0001,0.0079,0.0001,0.0003,0.0004,0.0008,0.0013,0.0001,0.0001
zusammenleben,18,0.0,0.0001,0.0005,0.0007,0.0001,0.0026,0.0001,0.0012,0.0,0.0001,0.0179,0.0001,0.0021,0.0001,0.0003,0.0004,0.0008,0.0012,0.0001,0.0001
gewalt,18,0.0026,0.0001,0.0005,0.0007,0.0001,0.0001,0.0001,0.0013,0.0,0.0001,0.0001,0.0001,0.0,0.0001,0.0003,0.0004,0.0008,0.0012,0.0105,0.0001
kritisch,18,0.0,0.0001,0.0005,0.0007,0.0001,0.0001,0.0001,0.0012,0.0131,0.0048,0.0001,0.0001,0.0,0.0001,0.0003,0.0004,0.0008,0.0012,0.0001,0.0001
anteil,17,0.0,0.0001,0.0005,0.0007,0.0001,0.0001,0.0001,0.0012,0.0,0.0001,0.0001,0.0157,0.0,0.0001,0.0003,0.0004,0.0008,0.0012,0.0059,0.0001
produktiv,17,0.0,0.0001,0.0005,0.0007,0.0001,0.0001,0.0001,0.0012,0.0,0.0001,0.0001,0.026,0.0,0.0001,0.0003,0.0004,0.0008,0.0012,0.0001,0.0001
unternehmen,17,0.0039,0.0001,0.0005,0.0007,0.0001,0.0015,0.0001,0.0012,0.0009,0.0001,0.0001,0.0001,0.0,0.0001,0.0003,0.0004,0.0008,0.0012,0.0164,0.0001
fachkonzept,17,0.0185,0.0001,0.0005,0.0007,0.0001,0.0001,0.0001,0.0012,0.0,0.0001,0.0001,0.0001,0.0,0.0001,0.0003,0.0004,0.0008,0.0012,0.0001,0.0001
zeigen,17,0.0,0.0001,0.0005,0.0007,0.0001,0.0001,0.0052,0.0012,0.0,0.0001,0.0001,0.017,0.0,0.0001,0.0003,0.0004,0.0008,0.0012,0.0001,0.0001
üben,17,0.0,0.0001,0.0005,0.0007,0.0001,0.0001,0.0001,0.0012,0.0,0.0001,0.0029,0.0001,0.007,0.0001,0.0003,0.0004,0.0008,0.0013,0.0001,0.0001
langzeitaufgabe,17,0.0,0.0161,0.0005,0.0007,0.0001,0.0001,0.0001,0.0013,0.0,0.0001,0.0001,0.0001,0.0,0.0001,0.0003,0.0004,0.0008,0.0012,0.0001,0.0001
lernprozesse,17,0.0,0.0001,0.0005,0.0007,0.0001,0.0001,0.0001,0.0012,0.0049,0.0109,0.0001,0.0001,0.0,0.0001,0.0003,0.0004,0.0008,0.0012,0.0001,0.0001
prinzip,16,0.0016,0.0022,0.0005,0.0007,0.0001,0.0001,0.0038,0.0012,0.0,0.0001,0.0001,0.0001,0.0011,0.0001,0.0325,0.0004,0.0008,0.0012,0.0001,0.0037
wert,16,0.0,0.0001,0.0005,0.0007,0.0001,0.0001,0.0001,0.0012,0.0,0.0032,0.0001,0.0001,0.0,0.0001,0.0003,0.0429,0.0008,0.0012,0.0102,0.0001
wettbewerb,16,0.0042,0.0001,0.0005,0.0007,0.0001,0.0001,0.0001,0.0012,0.0026,0.0001,0.0001,0.0112,0.0,0.0001,0.0003,0.0004,0.0008,0.0012,0.0002,0.0001
globalisierung,16,0.0107,0.0001,0.0005,0.0007,0.0001,0.0001,0.0001,0.0012,0.0,0.0001,0.0001,0.0033,0.0,0.0001,0.0003,0.0004,0.0008,0.0012,0.0001,0.0001
idee,16,0.0,0.0001,0.0005,0.0007,0.0001,0.0001,0.0058,0.0012,0.0,0.0001,0.0001,0.017,0.0,0.0001,0.0003,0.0004,0.0008,0.0012,0.0001,0.0001
prozess,15,0.0,0.0001,0.0005,0.0007,0.0001,0.0148,0.0001,0.0012,0.0033,0.0001,0.0001,0.0001,0.0,0.0001,0.0003,0.0004,0.0008,0.0012,0.0001,0.0001
verstehen,15,0.0005,0.0001,0.0005,0.0007,0.0001,0.0001,0.0001,0.0012,0.0032,0.0001,0.0001,0.0157,0.0,0.0001,0.0003,0.0004,0.0008,0.0012,0.0001,0.0001
zusammenhang,15,0.003,0.0001,0.0005,0.0007,0.0001,0.0001,0.0001,0.0012,0.0001,0.0001,0.0001,0.0001,0.0044,0.0001,0.0003,0.0004,0.0145,0.0012,0.0011,0.0001
hierbei,15,0.0,0.0001,0.0005,0.0007,0.0001,0.0311,0.0001,0.0012,0.0,0.0001,0.0001,0.0001,0.0,0.0001,0.0003,0.0004,0.0008,0.0012,0.0001,0.0001
norm,15,0.0,0.0001,0.0005,0.0007,0.0001,0.0001,0.0001,0.0012,0.0,0.0001,0.0001,0.0001,0.0,0.0001,0.0003,0.0641,0.0008,0.0012,0.0055,0.0001
organisation,14,0.0053,0.0001,0.0005,0.0007,0.0001,0.0001,0.0001,0.0012,0.0,0.0001,0.0001,0.0001,0.0,0.0001,0.0281,0.0004,0.0008,0.0012,0.0001,0.0001
bezug,14,0.0018,0.0001,0.0005,0.0007,0.0001,0.0001,0.0001,0.0012,0.0012,0.0001,0.0001,0.0001,0.0033,0.0001,0.0003,0.0413,0.0008,0.0012,0.0001,0.0001
urteil,14,0.0012,0.0001,0.0005,0.0007,0.0001,0.0001,0.0001,0.0012,0.0,0.0001,0.0001,0.0001,0.005,0.0001,0.0003,0.0004,0.014,0.0012,0.0001,0.0001
erfordern,14,0.0001,0.0001,0.0005,0.0007,0.0001,0.0001,0.0001,0.0012,0.0,0.0001,0.0001,0.0001,0.0,0.0001,0.0003,0.0004,0.014,0.0012,0.0184,0.0001
gelingen,14,0.0,0.0001,0.0005,0.0007,0.0001,0.0001,0.0001,0.0012,0.0,0.0001,0.0001,0.0001,0.0065,0.0001,0.0003,0.0004,0.0008,0.0013,0.0001,0.0001
integrativ,14,0.0,0.0001,0.0362,0.0007,0.0001,0.0208,0.0001,0.0012,0.0,0.0001,0.0001,0.0001,0.0,0.0001,0.0003,0.0004,0.0008,0.0012,0.0001,0.0001
kreativ,14,0.0,0.0001,0.0005,0.0007,0.0001,0.0001,0.0001,0.0012,0.0127,0.0001,0.0001,0.0001,0.0,0.0001,0.0003,0.0004,0.0008,0.0012,0.0001,0.0001
medial,14,0.0,0.0001,0.0005,0.0007,0.0001,0.0001,0.0001,0.0012,0.0,0.0001,0.0001,0.0001,0.0011,0.0001,0.0003,0.0004,0.0008,0.0012,0.0122,0.0001
produkt,13,0.0,0.0001,0.0005,0.0252,0.0001,0.0001,0.0001,0.0012,0.0,0.0115,0.0001,0.0001,0.0,0.0001,0.0003,0.0004,0.0008,0.0012,0.0001,0.0001
produktion,13,0.0005,0.0001,0.0005,0.0007,0.0001,0.0001,0.0001,0.0012,0.0021,0.0001,0.0001,0.0001,0.0,0.0001,0.0003,0.0004,0.0008,0.0012,0.0107,0.0001
schwerpunkt,13,0.0012,0.0001,0.0005,0.0007,0.0001,0.0001,0.0001,0.0013,0.0015,0.0001,0.0001,0.0001,0.0,0.0001,0.0003,0.0223,0.0008,0.0012,0.0001,0.0106
verbinden,13,0.0,0.0001,0.0005,0.0115,0.0001,0.0001,0.0083,0.0012,0.0,0.0001,0.0001,0.0001,0.0033,0.0001,0.0003,0.0004,0.0008,0.0012,0.0001,0.0001
verständnis,13,0.0,0.0001,0.0005,0.0007,0.0001,0.0001,0.0001,0.0012,0.0063,0.0001,0.0001,0.0001,0.0001,0.0001,0.0003,0.0424,0.0008,0.0012,0.0001,0.0001
grundlegend,13,0.0,0.0001,0.0005,0.0007,0.0001,0.0206,0.0001,0.0012,0.002,0.0001,0.0001,0.0001,0.0,0.0001,0.0003,0.0004,0.0008,0.0012,0.0001,0.0001
hinaus,13,0.0,0.0001,0.0005,0.0288,0.0001,0.0001,0.0019,0.0012,0.0052,0.0001,0.0001,0.0001,0.002,0.0001,0.0003,0.0004,0.0008,0.0012,0.0001,0.0001
hinsichtlich,13,0.0011,0.0001,0.0005,0.0007,0.0001,0.0001,0.0028,0.0012,0.0,0.0001,0.0001,0.0001,0.0,0.0001,0.0374,0.0004,0.0008,0.0012,0.0019,0.0001
leisten,13,0.0,0.0001,0.0005,0.0007,0.0001,0.0001,0.0001,0.0013,0.0,0.0001,0.0001,0.0001,0.0,0.0001,0.0003,0.0004,0.0008,0.0012,0.0028,0.0256
aufmerksam,12,0.0,0.0001,0.0005,0.0007,0.0001,0.0001,0.0001,0.0012,0.0,0.0001,0.0001,0.0157,0.0,0.0001,0.0003,0.0004,0.0008,0.0012,0.0001,0.0001
auftretend,12,0.0,0.0001,0.0005,0.0007,0.0001,0.0001,0.0001,0.0012,0.0,0.0001,0.0001,0.0001,0.0056,0.0001,0.0003,0.0004,0.0008,0.0013,0.0001,0.0001
auswirkung,12,0.0,0.0001,0.0005,0.0007,0.0001,0.0001,0.0001,0.0012,0.0086,0.0001,0.0001,0.0001,0.0016,0.0001,0.0003,0.0004,0.0008,0.0012,0.0001,0.0001
religion,12,0.0021,0.0001,0.0005,0.0007,0.0001,0.0001,0.0001,0.0012,0.0,0.0001,0.0001,0.0021,0.0,0.0001,0.0003,0.0356,0.0008,0.0012,0.0001,0.0039
technologie,12,0.0,0.0001,0.0005,0.0007,0.0001,0.0001,0.0001,0.0012,0.0107,0.0001,0.0001,0.0001,0.0,0.0001,0.0003,0.0004,0.0008,0.0012,0.0001,0.0001
vermitteln,12,0.0003,0.0001,0.0005,0.0007,0.0001,0.0246,0.0001,0.0012,0.0,0.0001,0.0001,0.0001,0.0,0.0001,0.0003,0.0004,0.0008,0.0012,0.0001,0.0001
friedlich,12,0.0,0.0001,0.0005,0.0007,0.0001,0.0032,0.0001,0.0012,0.0,0.0001,0.0154,0.0001,0.0,0.0001,0.0003,0.0004,0.0008,0.0012,0.0001,0.0001
zusammenspiel,12,0.0,0.0001,0.0005,0.0007,0.0001,0.0001,0.0001,0.0012,0.0,0.0001,0.0001,0.0001,0.0056,0.0001,0.0003,0.0004,0.0008,0.0013,0.0001,0.0001
konkretisieren,12,0.0,0.0001,0.0005,0.0007,0.0001,0.0001,0.0214,0.0012,0.0,0.0001,0.0001,0.0001,0.0,0.0001,0.0003,0.0004,0.0008,0.0012,0.0001,0.0001
lebensführung,12,0.0,0.0001,0.0005,0.0007,0.0001,0.0001,0.0001,0.0012,0.0,0.0001,0.0001,0.0001,0.0,0.0001,0.0003,0.0004,0.0008,0.0012,0.0105,0.0001
mitgestaltungsrechte,12,0.0,0.0001,0.0005,0.0007,0.0001,0.0001,0.0001,0.0012,0.0,0.0001,0.0001,0.0001,0.0056,0.0001,0.0003,0.0004,0.0008,0.0013,0.0001,0.0001
absprache,11,0.0,0.0001,0.0005,0.0007,0.0001,0.0001,0.0114,0.0012,0.0,0.0001,0.0001,0.0001,0.0,0.0001,0.0003,0.0282,0.0008,0.0012,0.0001,0.0001
arbeitsteilung,11,0.0025,0.0001,0.0005,0.0007,0.0001,0.0001,0.0001,0.0012,0.0,0.0001,0.0001,0.0001,0.0,0.0001,0.0003,0.0004,0.0008,0.0012,0.0144,0.0001
stehen,11,0.0,0.0001,0.0005,0.0007,0.0001,0.0028,0.0135,0.0012,0.0,0.0001,0.0001,0.0001,0.0,0.0001,0.0003,0.0004,0.0008,0.0012,0.0001,0.0001
verein,11,0.0,0.0001,0.0005,0.0007,0.0001,0.0001,0.0001,0.0013,0.0,0.0001,0.0001,0.0001,0.0005,0.0001,0.0003,0.0004,0.0008,0.0012,0.0009,0.0207
wissensaneignung,11,0.0,0.0001,0.0005,0.0007,0.0001,0.0001,0.0001,0.0012,0.0099,0.0001,0.0001,0.0001,0.0,0.0001,0.0003,0.0004,0.0008,0.0012,0.0001,0.0001
gymnasium,11,0.0,0.0001,0.0719,0.0007,0.0001,0.0001,0.0013,0.0012,0.0,0.0001,0.0001,0.0001,0.0,0.0001,0.0003,0.0004,0.0008,0.0012,0.0019,0.0001
beispielsituation,10,0.0,0.0001,0.0005,0.0007,0.0001,0.0001,0.0001,0.0013,0.0,0.0001,0.0001,0.0001,0.0005,0.0001,0.0003,0.0004,0.0008,0.0012,0.0078,0.0001
sichtweise,10,0.0,0.0001,0.0005,0.0007,0.0001,0.0001,0.0001,0.0013,0.0,0.0001,0.0001,0.0001,0.0,0.0001,0.0003,0.0004,0.0008,0.0012,0.0118,0.0001
fremdsprache,10,0.0,0.0001,0.0005,0.0007,0.0001,0.0001,0.0001,0.0012,0.0,0.0001,0.0001,0.0172,0.0,0.0001,0.0003,0.0004,0.0008,0.0012,0.0001,0.0001
herrschaft,10,0.0,0.0001,0.0005,0.0007,0.0001,0.0129,0.0001,0.0012,0.0,0.0001,0.0001,0.0001,0.0,0.0001,0.0003,0.0004,0.0008,0.0012,0.0001,0.0001
heterogenität,10,0.0,0.0001,0.0005,0.0007,0.0001,0.0001,0.0001,0.0013,0.0,0.0001,0.0001,0.0001,0.0,0.0001,0.0003,0.0004,0.0008,0.0013,0.0001,0.0226
lernvoraussetzung,10,0.0,0.0001,0.0005,0.0007,0.0001,0.0105,0.0001,0.0012,0.0,0.0001,0.0001,0.0001,0.0,0.0001,0.0281,0.0004,0.0008,0.0012,0.0001,0.0001
mithilfe,10,0.0044,0.0001,0.0005,0.0007,0.0001,0.0001,0.0001,0.0012,0.0,0.0001,0.0001,0.0001,0.0,0.0001,0.0003,0.0004,0.0008,0.0012,0.0001,0.0123
realschule,9,0.0,0.0001,0.0934,0.0007,0.0001,0.0001,0.0001,0.0012,0.0,0.0001,0.0001,0.0001,0.0,0.0001,0.0003,0.0004,0.0008,0.0012,0.0001,0.0001
basiskonzept,9,0.0,0.0001,0.0005,0.0007,0.0001,0.0001,0.0001,0.0012,0.0,0.0001,0.0001,0.0001,0.0,0.0001,0.0003,0.0004,0.0008,0.0012,0.0136,0.0001
schülerorientieren,9,0.0,0.0001,0.0005,0.0007,0.0001,0.0001,0.0001,0.0013,0.0,0.0001,0.0001,0.0001,0.0,0.0001,0.0003,0.0004,0.0008,0.0012,0.0001,0.0207
bezüglich,9,0.0,0.0045,0.0005,0.0007,0.0001,0.0001,0.0001,0.0012,0.0,0.0001,0.0001,0.0001,0.0,0.0001,0.0003,0.0293,0.0008,0.0012,0.0001,0.0001
untersuchung,9,0.0,0.0001,0.0005,0.0007,0.0001,0.0001,0.0001,0.0012,0.0,0.0053,0.0001,0.0001,0.0008,0.0001,0.0003,0.0097,0.0008,0.0012,0.0001,0.0049
verband,9,0.0,0.0001,0.0005,0.0007,0.0001,0.0001,0.0001,0.0013,0.0,0.0001,0.0001,0.0001,0.0,0.0001,0.0003,0.0004,0.0008,0.0012,0.0001,0.0207
erstellen,9,0.0,0.0001,0.0005,0.0007,0.0001,0.0001,0.0123,0.0012,0.0011,0.0001,0.0001,0.0001,0.0005,0.0001,0.0003,0.0004,0.0008,0.0012,0.0001,0.0001
familie,9,0.0,0.0001,0.0005,0.0007,0.0001,0.0001,0.0001,0.0012,0.0,0.0001,0.015,0.0001,0.0006,0.0001,0.0003,0.0004,0.0008,0.0012,0.0001,0.0001
wertvoll,9,0.0,0.0001,0.0005,0.0007,0.0001,0.0001,0.0001,0.0013,0.0,0.0001,0.0001,0.0001,0.0,0.0001,0.0003,0.0004,0.0008,0.0012,0.0001,0.0207
freizeitpädagogisch,9,0.0,0.0001,0.0005,0.0007,0.0001,0.0001,0.0001,0.0013,0.0,0.0001,0.0001,0.0001,0.0,0.0001,0.0003,0.0004,0.0008,0.0012,0.0001,0.0207
ganzheitlich,9,0.0,0.0001,0.0005,0.0007,0.0001,0.0001,0.0001,0.0013,0.0,0.0001,0.0001,0.0001,0.0,0.0001,0.0003,0.0004,0.0008,0.0012,0.0001,0.0207
konkret,9,0.0023,0.0001,0.0005,0.0284,0.0001,0.0015,0.0001,0.0012,0.0,0.0001,0.0001,0.0001,0.0002,0.0001,0.0003,0.0004,0.0008,0.0013,0.0001,0.0001
lebenswelt,9,0.0013,0.0001,0.0005,0.0115,0.0001,0.0014,0.0001,0.0012,0.0007,0.0001,0.0001,0.0001,0.0,0.0001,0.0003,0.0004,0.0008,0.0012,0.0027,0.0001
lehrer,9,0.0,0.0001,0.0005,0.0224,0.0001,0.0001,0.0001,0.0012,0.0041,0.0001,0.0001,0.0026,0.0,0.0001,0.0003,0.0004,0.0008,0.0012,0.0001,0.0001
leistungsdifferenziert,9,0.0,0.0001,0.0005,0.0007,0.0001,0.0001,0.0001,0.0013,0.0,0.0001,0.0001,0.0001,0.0,0.0001,0.0003,0.0004,0.0008,0.0012,0.0001,0.0207
arbeits,8,0.0,0.0001,0.0124,0.0007,0.0001,0.0001,0.0001,0.0012,0.0029,0.0001,0.0001,0.0001,0.0,0.0001,0.0003,0.0004,0.0008,0.0012,0.0047,0.0001
schulspezifisch,8,0.0,0.0001,0.0005,0.0007,0.0001,0.0001,0.0125,0.0012,0.0,0.0001,0.0001,0.0001,0.0,0.0001,0.0003,0.0004,0.0008,0.0012,0.0001,0.0001
eingesetzt,8,0.0,0.0001,0.0005,0.0007,0.0001,0.0001,0.0001,0.0012,0.0,0.0108,0.0001,0.0001,0.0,0.0001,0.0003,0.0004,0.0008,0.0012,0.0001,0.0001
überfachlich,8,0.0,0.0001,0.0005,0.0007,0.0001,0.0001,0.0031,0.0012,0.0021,0.0028,0.0001,0.0001,0.0001,0.0001,0.0003,0.0004,0.0132,0.0012,0.0001,0.0001
gesellschaftswissenschaftlich,8,0.0,0.0001,0.0005,0.0007,0.0001,0.0001,0.0001,0.0012,0.0,0.0001,0.0001,0.0001,0.0,0.0001,0.0003,0.0508,0.0008,0.0012,0.0011,0.0001
gestaltend,8,0.0,0.0001,0.0005,0.0007,0.0001,0.0001,0.0001,0.0012,0.0,0.0001,0.0135,0.0001,0.0,0.0001,0.0003,0.0004,0.0008,0.0012,0.0001,0.0001
herausarbeiten,8,0.0,0.0018,0.0005,0.0007,0.0001,0.0001,0.0001,0.0013,0.0,0.0001,0.0001,0.0001,0.0,0.0001,0.0003,0.0004,0.0008,0.0012,0.0052,0.0001
interkulturell,8,0.0,0.0001,0.0005,0.0007,0.0001,0.0001,0.0001,0.0012,0.0,0.0001,0.0134,0.0001,0.0,0.0001,0.0003,0.0004,0.0008,0.0012,0.0001,0.0001
lernprozessen,8,0.0,0.0001,0.0005,0.0007,0.0001,0.0001,0.0001,0.0012,0.0,0.0001,0.0062,0.0001,0.0,0.0001,0.0281,0.0004,0.0008,0.0012,0.0001,0.0001
lernprozeß,8,0.0,0.0001,0.0005,0.0007,0.0001,0.0001,0.0124,0.0012,0.0,0.0001,0.0001,0.0001,0.0,0.0001,0.0003,0.0004,0.0008,0.0012,0.0001,0.0001
politikwirtschaft,7,0.0053,0.0001,0.0005,0.0007,0.0001,0.0001,0.0001,0.0012,0.0016,0.0001,0.0001,0.0036,0.0,0.0001,0.0003,0.0004,0.0008,0.0012,0.0001,0.0001
projektarbeit,7,0.0,0.0001,0.0094,0.0392,0.0001,0.0001,0.0016,0.0012,0.0,0.0001,0.0022,0.0001,0.0,0.0001,0.0003,0.0004,0.0008,0.0012,0.0001,0.0001
befähigen,7,0.0001,0.0001,0.0005,0.0007,0.0001,0.0001,0.0001,0.0012,0.0001,0.0001,0.0176,0.0001,0.0,0.0001,0.0003,0.0004,0.0008,0.0012,0.0001,0.0001
durchführung,7,0.0,0.0001,0.0005,0.0677,0.0001,0.0001,0.0001,0.0012,0.0002,0.0001,0.0001,0.0002,0.0004,0.0001,0.0003,0.0004,0.0008,0.0012,0.0001,0.0001
variante,7,0.0,0.0001,0.0362,0.0007,0.0001,0.0001,0.0001,0.0012,0.003,0.0001,0.0001,0.0001,0.0,0.0001,0.0003,0.0004,0.0008,0.0012,0.0001,0.0001
erarbeiten,7,0.003,0.0001,0.0005,0.0129,0.0001,0.0001,0.0001,0.0012,0.0,0.0001,0.0001,0.0001,0.0006,0.0001,0.0003,0.0004,0.0008,0.0012,0.0023,0.0001
ergeben,7,0.0024,0.0001,0.0005,0.0007,0.0001,0.0001,0.0028,0.0012,0.0,0.0001,0.0001,0.0001,0.0,0.0001,0.0003,0.0004,0.014,0.0012,0.0001,0.0001
vorgabe,7,0.0,0.0001,0.0005,0.0115,0.0001,0.0001,0.0014,0.0012,0.0,0.0001,0.0001,0.0001,0.0,0.0001,0.0003,0.0366,0.0008,0.0012,0.0001,0.0001
wochenstunde,7,0.0,0.0022,0.0793,0.0007,0.0001,0.0001,0.0001,0.0012,0.0,0.0001,0.0001,0.0001,0.0,0.0001,0.0003,0.0004,0.0008,0.0012,0.0001,0.0001
kerncurriculum,7,0.0,0.0001,0.0005,0.0007,0.0001,0.0001,0.0014,0.0012,0.0022,0.0001,0.0001,0.0001,0.0005,0.0001,0.0003,0.0004,0.0221,0.0012,0.0001,0.0001
planen,6,0.0,0.0001,0.0005,0.0007,0.0001,0.0001,0.0001,0.0012,0.0,0.0042,0.0001,0.0001,0.0005,0.0001,0.0003,0.0004,0.0145,0.0012,0.0001,0.0001
begriff,6,0.0,0.0001,0.0005,0.0007,0.0001,0.0001,0.0001,0.0012,0.0,0.0001,0.0028,0.0001,0.0,0.0001,0.0003,0.029,0.0008,0.0012,0.0001,0.0001
statistik,6,0.0,0.0001,0.0005,0.0007,0.0001,0.0001,0.0001,0.0012,0.0017,0.0043,0.0001,0.0001,0.0002,0.0001,0.0003,0.0137,0.0008,0.0012,0.0001,0.0001
durchgängig,6,0.0,0.0001,0.0005,0.0119,0.0001,0.0001,0.0001,0.0013,0.0,0.0001,0.0001,0.0001,0.0,0.0001,0.0003,0.0004,0.0008,0.0012,0.0001,0.0128
vielfältig,6,0.0,0.0001,0.0005,0.0007,0.0001,0.0001,0.0001,0.0012,0.0026,0.0001,0.0001,0.0001,0.0,0.0009,0.0003,0.0004,0.014,0.0012,0.0001,0.0001
exkursion,6,0.0,0.0001,0.0005,0.0007,0.0001,0.0001,0.0001,0.0012,0.0,0.0001,0.0001,0.0001,0.0,0.0001,0.0003,0.0433,0.0008,0.0012,0.0001,0.0001
handlungsorientiert,6,0.0,0.0001,0.0088,0.0007,0.0001,0.0001,0.0001,0.0012,0.0026,0.0001,0.0001,0.0001,0.0002,0.0001,0.0003,0.0004,0.0008,0.0012,0.002,0.0001
kennzeichnen,6,0.0,0.0001,0.0088,0.0007,0.0001,0.0001,0.0001,0.0012,0.0,0.0001,0.0001,0.0001,0.0,0.0001,0.0003,0.0004,0.0008,0.0012,0.0047,0.0001
lernaufgabe,6,0.0,0.0001,0.0005,0.0007,0.0001,0.0001,0.004,0.0012,0.0,0.0001,0.0001,0.0001,0.0,0.0023,0.0003,0.0138,0.0008,0.0012,0.0001,0.0001
oberschule,5,0.0,0.0001,0.0005,0.0007,0.0001,0.0105,0.0001,0.0012,0.0,0.0001,0.0001,0.0001,0.0,0.0001,0.0003,0.0004,0.0008,0.0012,0.0001,0.0001
optimal,5,0.0,0.0001,0.0005,0.0007,0.0001,0.0105,0.0001,0.0012,0.0,0.0001,0.0001,0.0001,0.0,0.0001,0.0003,0.0004,0.0008,0.0012,0.0001,0.0001
aufbauend,5,0.0,0.0001,0.0005,0.0007,0.0001,0.0001,0.0001,0.0012,0.0,0.0001,0.0001,0.0001,0.0,0.0001,0.0281,0.0004,0.0008,0.0012,0.0001,0.0001
bedeutsam,5,0.0,0.0001,0.0005,0.0007,0.0001,0.0001,0.0001,0.0012,0.0,0.0001,0.0001,0.0001,0.0,0.0001,0.0281,0.0004,0.0008,0.0012,0.0001,0.0001
schuleigen,5,0.0,0.0001,0.0005,0.0007,0.0001,0.0011,0.0001,0.0012,0.0,0.0001,0.0001,0.0001,0.0,0.0001,0.0003,0.0004,0.0579,0.0012,0.0001,0.0001
sozialforme,5,0.0,0.0001,0.0005,0.0007,0.0001,0.0001,0.0001,0.0012,0.0,0.0001,0.0001,0.0001,0.0,0.0001,0.0281,0.0004,0.0008,0.0013,0.0001,0.0001
fachkonferenz,5,0.0,0.0001,0.0005,0.0007,0.0001,0.0001,0.0001,0.0012,0.0,0.0001,0.0001,0.0001,0.0,0.0001,0.0003,0.0362,0.0008,0.0012,0.0001,0.0001
fachkonferenzen,5,0.0,0.0001,0.0005,0.0007,0.0001,0.0001,0.0001,0.0012,0.0,0.0001,0.0001,0.0001,0.0,0.0001,0.0003,0.0366,0.0008,0.0012,0.0001,0.0001
gelegt,5,0.0,0.0001,0.0005,0.0007,0.0001,0.0105,0.0001,0.0012,0.0,0.0001,0.0001,0.0001,0.0,0.0001,0.0003,0.0004,0.0008,0.0012,0.0001,0.0001
lernangebote,5,0.0,0.0001,0.0005,0.0007,0.0001,0.0001,0.0001,0.0012,0.0,0.0001,0.0001,0.0001,0.0,0.0001,0.0281,0.0004,0.0008,0.0012,0.0001,0.0001
methodisch,5,0.0,0.0001,0.0005,0.0119,0.0001,0.0001,0.0001,0.0012,0.0,0.0001,0.0001,0.0001,0.0033,0.0001,0.0003,0.0004,0.0008,0.0012,0.0001,0.0001
